5
















































573.150000
41.379310
34
0.000000
1551.724138
30
2000.000000 0.000000 3297.817462 573.150000 0.000000 
2000.000000 0.000000 3247.898655 614.529310 0.000000 
2000.000000 0.000000 3227.651116 655.908621 0.000000 
2000.000000 0.000000 3223.522542 697.287931 0.000000 
2000.000000 0.000000 3219.343247 738.667241 0.000000 
2000.000000 0.000000 3215.115622 780.046552 0.000000 
2000.000000 0.000000 3210.841337 821.425862 0.000000 
2000.000000 0.000000 3206.521482 862.805172 0.000000 
2000.000000 0.000000 3202.156792 904.184483 0.000000 
2000.000000 0.000000 3197.747525 945.563793 0.000000 
2000.000000 0.000000 3193.293711 986.943103 0.000000 
2000.000000 0.000000 3188.795023 1028.322414 0.000000 
2000.000000 0.000000 3184.250924 1069.701724 0.000000 
2000.000000 0.000000 3179.012496 1111.081034 0.000000 
2000.000000 0.000000 3173.304027 1152.460345 0.000000 
2000.000000 0.000000 3168.641964 1193.839655 0.000000 
2000.000000 0.000000 3163.940471 1235.218966 0.000000 
2000.000000 0.000000 3159.199349 1276.598276 0.000000 
2000.000000 0.000000 3154.418336 1317.977586 0.000000 
2000.000000 0.000000 3149.596988 1359.356897 0.000000 
2000.000000 0.000000 3144.734875 1400.736207 0.000000 
2000.000000 0.000000 3136.804782 1442.115517 0.000000 
2000.000000 0.000000 3126.970770 1483.494828 0.000000 
2000.000000 0.000000 3113.942978 1524.874138 0.000000 
2000.000000 0.000000 3080.399315 1566.253448 0.000000 
2000.000000 0.000000 3066.643433 1607.632759 0.000000 
2000.000000 0.000000 3051.038039 1649.012069 0.000000 
2000.000000 0.000000 3031.990894 1690.391379 0.000000 
2000.000000 0.000000 3011.624248 1731.770690 0.000000 
2000.000000 0.000000 2993.069747 1773.150000 0.000000 
2000.000000 0.000000 2974.515246 1814.529310 0.000000 
2000.000000 0.000000 2955.960745 1855.908621 0.000000 
2000.000000 0.000000 2937.406244 1897.287931 0.000000 
2000.000000 0.000000 2918.851743 1938.667241 0.000000 
2000.000000 0.000000 3303.693989 573.150000 1551.724138 
2000.000000 0.000000 3299.721456 614.529310 1551.724138 
2000.000000 0.000000 3295.653266 655.908621 1551.724138 
2000.000000 0.000000 3255.599178 697.287931 1551.724138 
2000.000000 0.000000 3225.498753 738.667241 1551.724138 
2000.000000 0.000000 3221.291201 780.046552 1551.724138 
2000.000000 0.000000 3217.038497 821.425862 1551.724138 
2000.000000 0.000000 3212.741548 862.805172 1551.724138 
2000.000000 0.000000 3208.400770 904.184483 1551.724138 
2000.000000 0.000000 3204.016417 945.563793 1551.724138 
2000.000000 0.000000 3199.588406 986.943103 1551.724138 
2000.000000 0.000000 3195.116348 1028.322414 1551.724138 
2000.000000 0.000000 3190.599674 1069.701724 1551.724138 
2000.000000 0.000000 3186.037462 1111.081034 1551.724138 
2000.000000 0.000000 3181.428613 1152.460345 1551.724138 
2000.000000 0.000000 3175.921907 1193.839655 1551.724138 
2000.000000 0.000000 3170.041747 1235.218966 1551.724138 
2000.000000 0.000000 3165.349483 1276.598276 1551.724138 
2000.000000 0.000000 3160.617712 1317.977586 1551.724138 
2000.000000 0.000000 3155.846075 1359.356897 1551.724138 
2000.000000 0.000000 3151.034137 1400.736207 1551.724138 
2000.000000 0.000000 3145.257150 1442.115517 1551.724138 
2000.000000 0.000000 3136.218174 1483.494828 1551.724138 
2000.000000 0.000000 3126.844957 1524.874138 1551.724138 
2000.000000 0.000000 3111.485111 1566.253448 1551.724138 
2000.000000 0.000000 3094.588600 1607.632759 1551.724138 
2000.000000 0.000000 3081.261032 1649.012069 1551.724138 
2000.000000 0.000000 3066.013739 1690.391379 1551.724138 
2000.000000 0.000000 3049.710508 1731.770690 1551.724138 
2000.000000 0.000000 3032.614386 1773.150000 1551.724138 
2000.000000 0.000000 3015.518264 1814.529310 1551.724138 
2000.000000 0.000000 2998.422141 1855.908621 1551.724138 
2000.000000 0.000000 2981.326019 1897.287931 1551.724138 
2000.000000 0.000000 2964.229897 1938.667241 1551.724138 
2000.000000 0.000000 3325.905011 573.150000 3103.448276 
2000.000000 0.000000 3306.633452 614.529310 3103.448276 
2000.000000 0.000000 3302.625955 655.908621 3103.448276 
2000.000000 0.000000 3298.506323 697.287931 3103.448276 
2000.000000 0.000000 3281.504748 738.667241 3103.448276 
2000.000000 0.000000 3263.659427 780.046552 3103.448276 
2000.000000 0.000000 3227.162191 821.425862 3103.448276 
2000.000000 0.000000 3219.719648 862.805172 3103.448276 
2000.000000 0.000000 3215.362789 904.184483 3103.448276 
2000.000000 0.000000 3210.967383 945.563793 3103.448276 
2000.000000 0.000000 3206.532688 986.943103 3103.448276 
2000.000000 0.000000 3202.057721 1028.322414 3103.448276 
2000.000000 0.000000 3197.541456 1069.701724 3103.448276 
2000.000000 0.000000 3192.982589 1111.081034 3103.448276 
2000.000000 0.000000 3188.379799 1152.460345 3103.448276 
2000.000000 0.000000 3183.731445 1193.839655 3103.448276 
2000.000000 0.000000 3179.035604 1235.218966 3103.448276 
2000.000000 0.000000 3172.886464 1276.598276 3103.448276 
2000.000000 0.000000 3167.155291 1317.977586 3103.448276 
2000.000000 0.000000 3162.426879 1359.356897 3103.448276 
2000.000000 0.000000 3157.658900 1400.736207 3103.448276 
2000.000000 0.000000 3152.850740 1442.115517 3103.448276 
2000.000000 0.000000 3144.735820 1483.494828 3103.448276 
2000.000000 0.000000 3136.771608 1524.874138 3103.448276 
2000.000000 0.000000 3127.025990 1566.253448 3103.448276 
2000.000000 0.000000 3113.738672 1607.632759 3103.448276 
2000.000000 0.000000 3101.495680 1649.012069 3103.448276 
2000.000000 0.000000 3088.147993 1690.391379 3103.448276 
2000.000000 0.000000 3073.754492 1731.770690 3103.448276 
2000.000000 0.000000 3058.870493 1773.150000 3103.448276 
2000.000000 0.000000 3043.986495 1814.529310 3103.448276 
2000.000000 0.000000 3029.102496 1855.908621 3103.448276 
2000.000000 0.000000 3014.218498 1897.287931 3103.448276 
2000.000000 0.000000 2999.334499 1938.667241 3103.448276 
2000.000000 0.000000 3330.109935 573.150000 4655.172414 
2000.000000 0.000000 3325.723975 614.529310 4655.172414 
2000.000000 0.000000 3321.270286 655.908621 4655.172414 
2000.000000 0.000000 3307.334983 697.287931 4655.172414 
2000.000000 0.000000 3302.983574 738.667241 4655.172414 
2000.000000 0.000000 3293.757628 780.046552 4655.172414 
2000.000000 0.000000 3283.437856 821.425862 4655.172414 
2000.000000 0.000000 3270.210445 862.805172 4655.172414 
2000.000000 0.000000 3250.583232 904.184483 4655.172414 
2000.000000 0.000000 3219.046034 945.563793 4655.172414 
2000.000000 0.000000 3214.529792 986.943103 4655.172414 
2000.000000 0.000000 3209.986039 1028.322414 4655.172414 
2000.000000 0.000000 3205.411659 1069.701724 4655.172414 
2000.000000 0.000000 3200.803915 1111.081034 4655.172414 
2000.000000 0.000000 3196.160170 1152.460345 4655.172414 
2000.000000 0.000000 3191.477791 1193.839655 4655.172414 
2000.000000 0.000000 3186.754147 1235.218966 4655.172414 
2000.000000 0.000000 3181.986358 1276.598276 4655.172414 
2000.000000 0.000000 3177.171273 1317.977586 4655.172414 
2000.000000 0.000000 3170.174089 1359.356897 4655.172414 
2000.000000 0.000000 3164.723415 1400.736207 4655.172414 
2000.000000 0.000000 3159.948989 1442.115517 4655.172414 
2000.000000 0.000000 3153.130790 1483.494828 4655.172414 
2000.000000 0.000000 3146.110252 1524.874138 4655.172414 
2000.000000 0.000000 3139.065158 1566.253448 4655.172414 
2000.000000 0.000000 3128.780456 1607.632759 4655.172414 
2000.000000 0.000000 3117.070525 1649.012069 4655.172414 
2000.000000 0.000000 3104.755262 1690.391379 4655.172414 
2000.000000 0.000000 3091.321656 1731.770690 4655.172414 
2000.000000 0.000000 3077.886401 1773.150000 4655.172414 
2000.000000 0.000000 3064.451146 1814.529310 4655.172414 
2000.000000 0.000000 3051.015891 1855.908621 4655.172414 
2000.000000 0.000000 3037.580637 1897.287931 4655.172414 
2000.000000 0.000000 3024.145382 1938.667241 4655.172414 
2000.000000 0.000000 3334.290919 573.150000 6206.896552 
2000.000000 0.000000 3329.927500 614.529310 6206.896552 
2000.000000 0.000000 3325.497315 655.908621 6206.896552 
2000.000000 0.000000 3321.006094 697.287931 6206.896552 
2000.000000 0.000000 3316.458273 738.667241 6206.896552 
2000.000000 0.000000 3310.801608 780.046552 6206.896552 
2000.000000 0.000000 3305.513075 821.425862 6206.896552 
2000.000000 0.000000 3295.759672 862.805172 6206.896552 
2000.000000 0.000000 3286.077311 904.184483 6206.896552 
2000.000000 0.000000 3275.300388 945.563793 6206.896552 
2000.000000 0.000000 3262.244171 986.943103 6206.896552 
2000.000000 0.000000 3244.613449 1028.322414 6206.896552 
2000.000000 0.000000 3216.457833 1069.701724 6206.896552 
2000.000000 0.000000 3210.053481 1111.081034 6206.896552 
2000.000000 0.000000 3205.266446 1152.460345 6206.896552 
2000.000000 0.000000 3200.460226 1193.839655 6206.896552 
2000.000000 0.000000 3195.629196 1235.218966 6206.896552 
2000.000000 0.000000 3190.768256 1276.598276 6206.896552 
2000.000000 0.000000 3185.872528 1317.977586 6206.896552 
2000.000000 0.000000 3180.937065 1359.356897 6206.896552 
2000.000000 0.000000 3175.956413 1400.736207 6206.896552 
2000.000000 0.000000 3168.066632 1442.115517 6206.896552 
2000.000000 0.000000 3161.713565 1483.494828 6206.896552 
2000.000000 0.000000 3155.635075 1524.874138 6206.896552 
2000.000000 0.000000 3150.611439 1566.253448 6206.896552 
2000.000000 0.000000 3141.682370 1607.632759 6206.896552 
2000.000000 0.000000 3130.187562 1649.012069 6206.896552 
2000.000000 0.000000 3118.449257 1690.391379 6206.896552 
2000.000000 0.000000 3105.732893 1731.770690 6206.896552 
2000.000000 0.000000 3093.061365 1773.150000 6206.896552 
2000.000000 0.000000 3080.389838 1814.529310 6206.896552 
2000.000000 0.000000 3067.718311 1855.908621 6206.896552 
2000.000000 0.000000 3055.046783 1897.287931 6206.896552 
2000.000000 0.000000 3042.375256 1938.667241 6206.896552 
2000.000000 0.000000 3338.565391 573.150000 7758.620690 
2000.000000 0.000000 3334.107063 614.529310 7758.620690 
2000.000000 0.000000 3329.699987 655.908621 7758.620690 
2000.000000 0.000000 3325.232742 697.287931 7758.620690 
2000.000000 0.000000 3320.709691 738.667241 7758.620690 
2000.000000 0.000000 3316.134316 780.046552 7758.620690 
2000.000000 0.000000 3311.507538 821.425862 7758.620690 
2000.000000 0.000000 3306.832473 862.805172 7758.620690 
2000.000000 0.000000 3302.111195 904.184483 7758.620690 
2000.000000 0.000000 3297.345482 945.563793 7758.620690 
2000.000000 0.000000 3289.339164 986.943103 7758.620690 
2000.000000 0.000000 3279.540515 1028.322414 7758.620690 
2000.000000 0.000000 3269.111769 1069.701724 7758.620690 
2000.000000 0.000000 3257.340789 1111.081034 7758.620690 
2000.000000 0.000000 3243.136380 1152.460345 7758.620690 
2000.000000 0.000000 3224.406917 1193.839655 7758.620690 
2000.000000 0.000000 3206.409089 1235.218966 7758.620690 
2000.000000 0.000000 3201.301579 1276.598276 7758.620690 
2000.000000 0.000000 3196.191647 1317.977586 7758.620690 
2000.000000 0.000000 3191.069495 1359.356897 7758.620690 
2000.000000 0.000000 3185.926003 1400.736207 7758.620690 
2000.000000 0.000000 3180.752149 1442.115517 7758.620690 
2000.000000 0.000000 3174.315962 1483.494828 7758.620690 
2000.000000 0.000000 3165.903466 1524.874138 7758.620690 
2000.000000 0.000000 3162.978135 1566.253448 7758.620690 
2000.000000 0.000000 3153.369901 1607.632759 7758.620690 
2000.000000 0.000000 3141.891084 1649.012069 7758.620690 
2000.000000 0.000000 3130.451455 1690.391379 7758.620690 
2000.000000 0.000000 3118.416518 1731.770690 7758.620690 
2000.000000 0.000000 3105.978201 1773.150000 7758.620690 
2000.000000 0.000000 3093.539883 1814.529310 7758.620690 
2000.000000 0.000000 3081.101565 1855.908621 7758.620690 
2000.000000 0.000000 3068.663247 1897.287931 7758.620690 
2000.000000 0.000000 3056.224929 1938.667241 7758.620690 
2000.000000 0.000000 3342.700785 573.150000 9310.344828 
2000.000000 0.000000 3338.263089 614.529310 9310.344828 
2000.000000 0.000000 3333.878717 655.908621 9310.344828 
2000.000000 0.000000 3329.435026 697.287931 9310.344828 
2000.000000 0.000000 3324.936332 738.667241 9310.344828 
2000.000000 0.000000 3320.386040 780.046552 9310.344828 
2000.000000 0.000000 3315.785090 821.425862 9310.344828 
2000.000000 0.000000 3311.136519 862.805172 9310.344828 
2000.000000 0.000000 3306.442363 904.184483 9310.344828 
2000.000000 0.000000 3301.704363 945.563793 9310.344828 
2000.000000 0.000000 3296.924130 986.943103 9310.344828 
2000.000000 0.000000 3292.103172 1028.322414 9310.344828 
2000.000000 0.000000 3287.242890 1069.701724 9310.344828 
2000.000000 0.000000 3282.344621 1111.081034 9310.344828 
2000.000000 0.000000 3273.979429 1152.460345 9310.344828 
2000.000000 0.000000 3264.168772 1193.839655 9310.344828 
2000.000000 0.000000 3253.756314 1235.218966 9310.344828 
2000.000000 0.000000 3242.278730 1276.598276 9310.344828 
2000.000000 0.000000 3229.080239 1317.977586 9310.344828 
2000.000000 0.000000 3213.094170 1359.356897 9310.344828 
2000.000000 0.000000 3198.172385 1400.736207 9310.344828 
2000.000000 0.000000 3192.662351 1442.115517 9310.344828 
2000.000000 0.000000 3187.156604 1483.494828 9310.344828 
2000.000000 0.000000 3177.597644 1524.874138 9310.344828 
2000.000000 0.000000 3176.356415 1566.253448 9310.344828 
2000.000000 0.000000 3164.297427 1607.632759 9310.344828 
2000.000000 0.000000 3152.725007 1649.012069 9310.344828 
2000.000000 0.000000 3141.402365 1690.391379 9310.344828 
2000.000000 0.000000 3129.786696 1731.770690 9310.344828 
2000.000000 0.000000 3117.468154 1773.150000 9310.344828 
2000.000000 0.000000 3105.149611 1814.529310 9310.344828 
2000.000000 0.000000 3092.831069 1855.908621 9310.344828 
2000.000000 0.000000 3080.512527 1897.287931 9310.344828 
2000.000000 0.000000 3068.193985 1938.667241 9310.344828 
2000.000000 0.000000 3346.813307 573.150000 10862.068966 
2000.000000 0.000000 3342.395939 614.529310 10862.068966 
2000.000000 0.000000 3338.033899 655.908621 10862.068966 
2000.000000 0.000000 3333.613383 697.287931 10862.068966 
2000.000000 0.000000 3329.138619 738.667241 10862.068966 
2000.000000 0.000000 3324.612989 780.046552 10862.068966 
2000.000000 0.000000 3320.037429 821.425862 10862.068966 
2000.000000 0.000000 3315.414892 862.805172 10862.068966 
2000.000000 0.000000 3310.747381 904.184483 10862.068966 
2000.000000 0.000000 3306.036615 945.563793 10862.068966 
2000.000000 0.000000 3301.284164 986.943103 10862.068966 
2000.000000 0.000000 3296.491517 1028.322414 10862.068966 
2000.000000 0.000000 3291.660058 1069.701724 10862.068966 
2000.000000 0.000000 3286.791105 1111.081034 10862.068966 
2000.000000 0.000000 3281.885892 1152.460345 10862.068966 
2000.000000 0.000000 3276.945554 1193.839655 10862.068966 
2000.000000 0.000000 3271.971149 1235.218966 10862.068966 
2000.000000 0.000000 3266.963613 1276.598276 10862.068966 
2000.000000 0.000000 3259.519003 1317.977586 10862.068966 
2000.000000 0.000000 3250.034011 1359.356897 10862.068966 
2000.000000 0.000000 3240.153215 1400.736207 10862.068966 
2000.000000 0.000000 3229.639195 1442.115517 10862.068966 
2000.000000 0.000000 3227.111441 1483.494828 10862.068966 
2000.000000 0.000000 3214.088897 1524.874138 10862.068966 
2000.000000 0.000000 3189.383494 1566.253448 10862.068966 
2000.000000 0.000000 3174.665467 1607.632759 10862.068966 
2000.000000 0.000000 3162.981126 1649.012069 10862.068966 
2000.000000 0.000000 3151.662784 1690.391379 10862.068966 
2000.000000 0.000000 3140.289531 1731.770690 10862.068966 
2000.000000 0.000000 3128.193061 1773.150000 10862.068966 
2000.000000 0.000000 3116.096592 1814.529310 10862.068966 
2000.000000 0.000000 3104.000122 1855.908621 10862.068966 
2000.000000 0.000000 3091.903653 1897.287931 10862.068966 
2000.000000 0.000000 3079.807183 1938.667241 10862.068966 
2000.000000 0.000000 3365.243344 573.150000 12413.793103 
2000.000000 0.000000 3357.524758 614.529310 12413.793103 
2000.000000 0.000000 3351.680689 655.908621 12413.793103 
2000.000000 0.000000 3347.600753 697.287931 12413.793103 
2000.000000 0.000000 3345.094966 738.667241 12413.793103 
2000.000000 0.000000 3343.737145 780.046552 12413.793103 
2000.000000 0.000000 3342.747895 821.425862 12413.793103 
2000.000000 0.000000 3343.091341 862.805172 12413.793103 
2000.000000 0.000000 3337.946109 904.184483 12413.793103 
2000.000000 0.000000 3332.725070 945.563793 12413.793103 
2000.000000 0.000000 3327.426027 986.943103 12413.793103 
2000.000000 0.000000 3322.045369 1028.322414 12413.793103 
2000.000000 0.000000 3316.577917 1069.701724 12413.793103 
2000.000000 0.000000 3311.017133 1111.081034 12413.793103 
2000.000000 0.000000 3303.718804 1152.460345 12413.793103 
2000.000000 0.000000 3282.044975 1193.839655 12413.793103 
2000.000000 0.000000 3276.478603 1235.218966 12413.793103 
2000.000000 0.000000 3271.501715 1276.598276 12413.793103 
2000.000000 0.000000 3266.493019 1317.977586 12413.793103 
2000.000000 0.000000 3261.453235 1359.356897 12413.793103 
2000.000000 0.000000 3256.382984 1400.736207 12413.793103 
2000.000000 0.000000 3251.282736 1442.115517 12413.793103 
2000.000000 0.000000 3238.411692 1483.494828 12413.793103 
2000.000000 0.000000 3225.086778 1524.874138 12413.793103 
2000.000000 0.000000 3199.463910 1566.253448 12413.793103 
2000.000000 0.000000 3184.521451 1607.632759 12413.793103 
2000.000000 0.000000 3172.804483 1649.012069 12413.793103 
2000.000000 0.000000 3161.441060 1690.391379 12413.793103 
2000.000000 0.000000 3150.192042 1731.770690 12413.793103 
2000.000000 0.000000 3138.488463 1773.150000 12413.793103 
2000.000000 0.000000 3126.784884 1814.529310 12413.793103 
2000.000000 0.000000 3115.081305 1855.908621 12413.793103 
2000.000000 0.000000 3103.377726 1897.287931 12413.793103 
2000.000000 0.000000 3091.674148 1938.667241 12413.793103 
2000.000000 0.000000 3380.448123 573.150000 13965.517241 
2000.000000 0.000000 3376.024400 614.529310 13965.517241 
2000.000000 0.000000 3371.522732 655.908621 13965.517241 
2000.000000 0.000000 3366.940196 697.287931 13965.517241 
2000.000000 0.000000 3362.265921 738.667241 13965.517241 
2000.000000 0.000000 3357.494579 780.046552 13965.517241 
2000.000000 0.000000 3352.630015 821.425862 13965.517241 
2000.000000 0.000000 3347.643676 862.805172 13965.517241 
2000.000000 0.000000 3342.575555 904.184483 13965.517241 
2000.000000 0.000000 3337.438344 945.563793 13965.517241 
2000.000000 0.000000 3332.230700 986.943103 13965.517241 
2000.000000 0.000000 3326.949817 1028.322414 13965.517241 
2000.000000 0.000000 3321.591858 1069.701724 13965.517241 
2000.000000 0.000000 3316.151740 1111.081034 13965.517241 
2000.000000 0.000000 3310.623125 1152.460345 13965.517241 
2000.000000 0.000000 3304.998323 1193.839655 13965.517241 
2000.000000 0.000000 3299.268061 1235.218966 13965.517241 
2000.000000 0.000000 3293.420932 1276.598276 13965.517241 
2000.000000 0.000000 3287.443238 1317.977586 13965.517241 
2000.000000 0.000000 3266.023048 1359.356897 13965.517241 
2000.000000 0.000000 3260.984313 1400.736207 13965.517241 
2000.000000 0.000000 3255.916134 1442.115517 13965.517241 
2000.000000 0.000000 3250.818886 1483.494828 13965.517241 
2000.000000 0.000000 3236.315763 1524.874138 13965.517241 
2000.000000 0.000000 3221.414191 1566.253448 13965.517241 
2000.000000 0.000000 3194.776092 1607.632759 13965.517241 
2000.000000 0.000000 3182.245699 1649.012069 13965.517241 
2000.000000 0.000000 3170.852699 1690.391379 13965.517241 
2000.000000 0.000000 3159.658446 1731.770690 13965.517241 
2000.000000 0.000000 3148.217660 1773.150000 13965.517241 
2000.000000 0.000000 3136.776873 1814.529310 13965.517241 
2000.000000 0.000000 3125.336087 1855.908621 13965.517241 
2000.000000 0.000000 3113.895300 1897.287931 13965.517241 
2000.000000 0.000000 3102.454514 1938.667241 13965.517241 
2000.000000 0.000000 3384.555186 573.150000 15517.241379 
2000.000000 0.000000 3380.173204 614.529310 15517.241379 
2000.000000 0.000000 3375.716341 655.908621 15517.241379 
2000.000000 0.000000 3371.179411 697.287931 15517.241379 
2000.000000 0.000000 3366.551300 738.667241 15517.241379 
2000.000000 0.000000 3361.828979 780.046552 15517.241379 
2000.000000 0.000000 3357.018690 821.425862 15517.241379 
2000.000000 0.000000 3352.091472 862.805172 15517.241379 
2000.000000 0.000000 3347.089275 904.184483 15517.241379 
2000.000000 0.000000 3342.023445 945.563793 15517.241379 
2000.000000 0.000000 3336.892953 986.943103 15517.241379 
2000.000000 0.000000 3331.695801 1028.322414 15517.241379 
2000.000000 0.000000 3326.428910 1069.701724 15517.241379 
2000.000000 0.000000 3321.088296 1111.081034 15517.241379 
2000.000000 0.000000 3315.669009 1152.460345 15517.241379 
2000.000000 0.000000 3310.164941 1193.839655 15517.241379 
2000.000000 0.000000 3304.568751 1235.218966 15517.241379 
2000.000000 0.000000 3298.871553 1276.598276 15517.241379 
2000.000000 0.000000 3293.062667 1317.977586 15517.241379 
2000.000000 0.000000 3287.129072 1359.356897 15517.241379 
2000.000000 0.000000 3281.055023 1400.736207 15517.241379 
2000.000000 0.000000 3274.821055 1442.115517 15517.241379 
2000.000000 0.000000 3255.452757 1483.494828 15517.241379 
2000.000000 0.000000 3248.745379 1524.874138 15517.241379 
2000.000000 0.000000 3232.800615 1566.253448 15517.241379 
2000.000000 0.000000 3204.385547 1607.632759 15517.241379 
2000.000000 0.000000 3191.295866 1649.012069 15517.241379 
2000.000000 0.000000 3179.951083 1690.391379 15517.241379 
2000.000000 0.000000 3168.788289 1731.770690 15517.241379 
2000.000000 0.000000 3157.522643 1773.150000 15517.241379 
2000.000000 0.000000 3146.256997 1814.529310 15517.241379 
2000.000000 0.000000 3134.991350 1855.908621 15517.241379 
2000.000000 0.000000 3123.725704 1897.287931 15517.241379 
2000.000000 0.000000 3112.460058 1938.667241 15517.241379 
2000.000000 0.000000 3388.623194 573.150000 17068.965517 
2000.000000 0.000000 3384.277440 614.529310 17068.965517 
2000.000000 0.000000 3379.859318 655.908621 17068.965517 
2000.000000 0.000000 3375.361492 697.287931 17068.965517 
2000.000000 0.000000 3370.772901 738.667241 17068.965517 
2000.000000 0.000000 3366.092901 780.046552 17068.965517 
2000.000000 0.000000 3361.329610 821.425862 17068.965517 
2000.000000 0.000000 3356.453914 862.805172 17068.965517 
2000.000000 0.000000 3351.509240 904.184483 17068.965517 
2000.000000 0.000000 3346.505322 945.563793 17068.965517 
2000.000000 0.000000 3341.441486 986.943103 17068.965517 
2000.000000 0.000000 3336.316175 1028.322414 17068.965517 
2000.000000 0.000000 3331.126904 1069.701724 17068.965517 
2000.000000 0.000000 3325.870489 1111.081034 17068.965517 
2000.000000 0.000000 3320.542939 1152.460345 17068.965517 
2000.000000 0.000000 3315.139318 1193.839655 17068.965517 
2000.000000 0.000000 3309.653710 1235.218966 17068.965517 
2000.000000 0.000000 3304.079001 1276.598276 17068.965517 
2000.000000 0.000000 3298.406727 1317.977586 17068.965517 
2000.000000 0.000000 3292.626518 1359.356897 17068.965517 
2000.000000 0.000000 3286.725943 1400.736207 17068.965517 
2000.000000 0.000000 3280.689760 1442.115517 17068.965517 
2000.000000 0.000000 3274.499219 1483.494828 17068.965517 
2000.000000 0.000000 3268.130975 1524.874138 17068.965517 
2000.000000 0.000000 3244.724487 1566.253448 17068.965517 
2000.000000 0.000000 3226.984572 1607.632759 17068.965517 
2000.000000 0.000000 3199.918586 1649.012069 17068.965517 
2000.000000 0.000000 3188.747313 1690.391379 17068.965517 
2000.000000 0.000000 3177.637210 1731.770690 17068.965517 
2000.000000 0.000000 3166.495838 1773.150000 17068.965517 
2000.000000 0.000000 3155.354465 1814.529310 17068.965517 
2000.000000 0.000000 3144.213093 1855.908621 17068.965517 
2000.000000 0.000000 3133.071720 1897.287931 17068.965517 
2000.000000 0.000000 3121.930347 1938.667241 17068.965517 
2000.000000 0.000000 3392.656384 573.150000 18620.689655 
2000.000000 0.000000 3388.342395 614.529310 18620.689655 
2000.000000 0.000000 3383.958114 655.908621 18620.689655 
2000.000000 0.000000 3379.494158 697.287931 18620.689655 
2000.000000 0.000000 3374.939886 738.667241 18620.689655 
2000.000000 0.000000 3370.297010 780.046552 18620.689655 
2000.000000 0.000000 3365.575191 821.425862 18620.689655 
2000.000000 0.000000 3360.745150 862.805172 18620.689655 
2000.000000 0.000000 3355.851459 904.184483 18620.689655 
2000.000000 0.000000 3350.902197 945.563793 18620.689655 
2000.000000 0.000000 3345.896943 986.943103 18620.689655 
2000.000000 0.000000 3340.834416 1028.322414 18620.689655 
2000.000000 0.000000 3335.712630 1069.701724 18620.689655 
2000.000000 0.000000 3330.528984 1111.081034 18620.689655 
2000.000000 0.000000 3325.280106 1152.460345 18620.689655 
2000.000000 0.000000 3319.961983 1193.839655 18620.689655 
2000.000000 0.000000 3314.569807 1235.218966 18620.689655 
2000.000000 0.000000 3309.097729 1276.598276 18620.689655 
2000.000000 0.000000 3303.538875 1317.977586 18620.689655 
2000.000000 0.000000 3297.884837 1359.356897 18620.689655 
2000.000000 0.000000 3292.125652 1400.736207 18620.689655 
2000.000000 0.000000 3286.249169 1442.115517 18620.689655 
2000.000000 0.000000 3280.240406 1483.494828 18620.689655 
2000.000000 0.000000 3274.080955 1524.874138 18620.689655 
2000.000000 0.000000 3267.747612 1566.253448 18620.689655 
2000.000000 0.000000 3248.112687 1607.632759 18620.689655 
2000.000000 0.000000 3208.843878 1649.012069 18620.689655 
2000.000000 0.000000 3197.226925 1690.391379 18620.689655 
2000.000000 0.000000 3186.229830 1731.770690 18620.689655 
2000.000000 0.000000 3175.195732 1773.150000 18620.689655 
2000.000000 0.000000 3164.161633 1814.529310 18620.689655 
2000.000000 0.000000 3153.127535 1855.908621 18620.689655 
2000.000000 0.000000 3142.093437 1897.287931 18620.689655 
2000.000000 0.000000 3131.059338 1938.667241 18620.689655 
2000.000000 0.000000 3396.658132 573.150000 20172.413793 
2000.000000 0.000000 3392.372252 614.529310 20172.413793 
2000.000000 0.000000 3388.017834 655.908621 20172.413793 
2000.000000 0.000000 3383.583474 697.287931 20172.413793 
2000.000000 0.000000 3379.059345 738.667241 20172.413793 
2000.000000 0.000000 3374.449554 780.046552 20172.413793 
2000.000000 0.000000 3369.764840 821.425862 20172.413793 
2000.000000 0.000000 3364.975837 862.805172 20172.413793 
2000.000000 0.000000 3360.127929 904.184483 20172.413793 
2000.000000 0.000000 3355.227612 945.563793 20172.413793 
2000.000000 0.000000 3350.274601 986.943103 20172.413793 
2000.000000 0.000000 3345.267854 1028.322414 20172.413793 
2000.000000 0.000000 3340.205702 1069.701724 20172.413793 
2000.000000 0.000000 3335.085972 1111.081034 20172.413793 
2000.000000 0.000000 3329.905864 1152.460345 20172.413793 
2000.000000 0.000000 3324.662001 1193.839655 20172.413793 
2000.000000 0.000000 3319.350325 1235.218966 20172.413793 
2000.000000 0.000000 3313.966046 1276.598276 20172.413793 
2000.000000 0.000000 3308.503422 1317.977586 20172.413793 
2000.000000 0.000000 3302.955613 1359.356897 20172.413793 
2000.000000 0.000000 3297.314401 1400.736207 20172.413793 
2000.000000 0.000000 3291.569872 1442.115517 20172.413793 
2000.000000 0.000000 3285.710024 1483.494828 20172.413793 
2000.000000 0.000000 3279.720069 1524.874138 20172.413793 
2000.000000 0.000000 3273.581445 1566.253448 20172.413793 
2000.000000 0.000000 3262.317418 1607.632759 20172.413793 
2000.000000 0.000000 3239.186923 1649.012069 20172.413793 
2000.000000 0.000000 3205.366282 1690.391379 20172.413793 
2000.000000 0.000000 3194.569411 1731.770690 20172.413793 
2000.000000 0.000000 3183.656550 1773.150000 20172.413793 
2000.000000 0.000000 3172.743688 1814.529310 20172.413793 
2000.000000 0.000000 3161.830827 1855.908621 20172.413793 
2000.000000 0.000000 3150.917965 1897.287931 20172.413793 
2000.000000 0.000000 3140.005104 1938.667241 20172.413793 
2000.000000 0.000000 3400.713155 573.150000 21724.137931 
2000.000000 0.000000 3396.370442 614.529310 21724.137931 
2000.000000 0.000000 3392.042511 655.908621 21724.137931 
2000.000000 0.000000 3387.634216 697.287931 21724.137931 
2000.000000 0.000000 3383.136888 738.667241 21724.137931 
2000.000000 0.000000 3378.556906 780.046552 21724.137931 
2000.000000 0.000000 3373.905846 821.425862 21724.137931 
2000.000000 0.000000 3369.154177 862.805172 21724.137931 
2000.000000 0.000000 3364.347843 904.184483 21724.137931 
2000.000000 0.000000 3359.491862 945.563793 21724.137931 
2000.000000 0.000000 3354.586014 986.943103 21724.137931 
2000.000000 0.000000 3349.629456 1028.322414 21724.137931 
2000.000000 0.000000 3344.620729 1069.701724 21724.137931 
2000.000000 0.000000 3339.558005 1111.081034 21724.137931 
2000.000000 0.000000 3334.438886 1152.460345 21724.137931 
2000.000000 0.000000 3329.260520 1193.839655 21724.137931 
2000.000000 0.000000 3324.019464 1235.218966 21724.137931 
2000.000000 0.000000 3318.711669 1276.598276 21724.137931 
2000.000000 0.000000 3313.332300 1317.977586 21724.137931 
2000.000000 0.000000 3307.875623 1359.356897 21724.137931 
2000.000000 0.000000 3302.334853 1400.736207 21724.137931 
2000.000000 0.000000 3296.701790 1442.115517 21724.137931 
2000.000000 0.000000 3290.966555 1483.494828 21724.137931 
2000.000000 0.000000 3285.117066 1524.874138 21724.137931 
2000.000000 0.000000 3279.138368 1566.253448 21724.137931 
2000.000000 0.000000 3273.011830 1607.632759 21724.137931 
2000.000000 0.000000 3253.934493 1649.012069 21724.137931 
2000.000000 0.000000 3214.320875 1690.391379 21724.137931 
2000.000000 0.000000 3202.647000 1731.770690 21724.137931 
2000.000000 0.000000 3191.894823 1773.150000 21724.137931 
2000.000000 0.000000 3181.142645 1814.529310 21724.137931 
2000.000000 0.000000 3170.390468 1855.908621 21724.137931 
2000.000000 0.000000 3159.638290 1897.287931 21724.137931 
2000.000000 0.000000 3148.886113 1938.667241 21724.137931 
2000.000000 0.000000 3404.678760 573.150000 23275.862069 
2000.000000 0.000000 3400.339709 614.529310 23275.862069 
2000.000000 0.000000 3396.035432 655.908621 23275.862069 
2000.000000 0.000000 3391.650210 697.287931 23275.862069 
2000.000000 0.000000 3387.176979 738.667241 23275.862069 
2000.000000 0.000000 3382.624193 780.046552 23275.862069 
2000.000000 0.000000 3378.003918 821.425862 23275.862069 
2000.000000 0.000000 3373.286555 862.805172 23275.862069 
2000.000000 0.000000 3368.518348 904.184483 23275.862069 
2000.000000 0.000000 3363.702923 945.563793 23275.862069 
2000.000000 0.000000 3358.840110 986.943103 23275.862069 
2000.000000 0.000000 3353.929178 1028.322414 23275.862069 
2000.000000 0.000000 3348.968888 1069.701724 23275.862069 
2000.000000 0.000000 3343.957622 1111.081034 23275.862069 
2000.000000 0.000000 3338.893338 1152.460345 23275.862069 
2000.000000 0.000000 3333.773556 1193.839655 23275.862069 
2000.000000 0.000000 3328.595318 1235.218966 23275.862069 
2000.000000 0.000000 3323.355166 1276.598276 23275.862069 
2000.000000 0.000000 3318.048967 1317.977586 23275.862069 
2000.000000 0.000000 3312.671893 1359.356897 23275.862069 
2000.000000 0.000000 3307.218154 1400.736207 23275.862069 
2000.000000 0.000000 3301.680904 1442.115517 23275.862069 
2000.000000 0.000000 3296.051945 1483.494828 23275.862069 
2000.000000 0.000000 3290.321260 1524.874138 23275.862069 
2000.000000 0.000000 3284.476566 1566.253448 23275.862069 
2000.000000 0.000000 3278.502671 1607.632759 23275.862069 
2000.000000 0.000000 3267.571568 1649.012069 23275.862069 
2000.000000 0.000000 3242.653063 1690.391379 23275.862069 
2000.000000 0.000000 3210.449853 1731.770690 23275.862069 
2000.000000 0.000000 3199.914865 1773.150000 23275.862069 
2000.000000 0.000000 3189.379877 1814.529310 23275.862069 
2000.000000 0.000000 3178.844888 1855.908621 23275.862069 
2000.000000 0.000000 3168.309900 1897.287931 23275.862069 
2000.000000 0.000000 3157.774912 1938.667241 23275.862069 
2000.000000 0.000000 3408.601601 573.150000 24827.586207 
2000.000000 0.000000 3404.282302 614.529310 24827.586207 
2000.000000 0.000000 3399.999247 655.908621 24827.586207 
2000.000000 0.000000 3395.634594 697.287931 24827.586207 
2000.000000 0.000000 3391.183227 738.667241 24827.586207 
2000.000000 0.000000 3386.655470 780.046552 24827.586207 
2000.000000 0.000000 3382.063654 821.425862 24827.586207 
2000.000000 0.000000 3377.378062 862.805172 24827.586207 
2000.000000 0.000000 3372.645069 904.184483 24827.586207 
2000.000000 0.000000 3367.867055 945.563793 24827.586207 
2000.000000 0.000000 3363.043870 986.943103 24827.586207 
2000.000000 0.000000 3358.174828 1028.322414 24827.586207 
2000.000000 0.000000 3353.258865 1069.701724 24827.586207 
2000.000000 0.000000 3348.294555 1111.081034 24827.586207 
2000.000000 0.000000 3343.280078 1152.460345 24827.586207 
2000.000000 0.000000 3338.213304 1193.839655 24827.586207 
2000.000000 0.000000 3333.091658 1235.218966 24827.586207 
2000.000000 0.000000 3327.912126 1276.598276 24827.586207 
2000.000000 0.000000 3322.671100 1317.977586 24827.586207 
2000.000000 0.000000 3317.364521 1359.356897 24827.586207 
2000.000000 0.000000 3311.987386 1400.736207 24827.586207 
2000.000000 0.000000 3306.533892 1442.115517 24827.586207 
2000.000000 0.000000 3300.997074 1483.494828 24827.586207 
2000.000000 0.000000 3295.368614 1524.874138 24827.586207 
2000.000000 0.000000 3289.638218 1566.253448 24827.586207 
2000.000000 0.000000 3283.793355 1607.632759 24827.586207 
2000.000000 0.000000 3277.818289 1649.012069 24827.586207 
2000.000000 0.000000 3256.695113 1690.391379 24827.586207 
2000.000000 0.000000 3219.288909 1731.770690 24827.586207 
2000.000000 0.000000 3207.713847 1773.150000 24827.586207 
2000.000000 0.000000 3196.138786 1814.529310 24827.586207 
2000.000000 0.000000 3184.563724 1855.908621 24827.586207 
2000.000000 0.000000 3172.988662 1897.287931 24827.586207 
2000.000000 0.000000 3161.413600 1938.667241 24827.586207 
2000.000000 0.000000 3412.501307 573.150000 26379.310345 
2000.000000 0.000000 3408.200100 614.529310 26379.310345 
2000.000000 0.000000 3403.936145 655.908621 26379.310345 
2000.000000 0.000000 3399.589918 697.287931 26379.310345 
2000.000000 0.000000 3395.158553 738.667241 26379.310345 
2000.000000 0.000000 3390.654050 780.046552 26379.310345 
2000.000000 0.000000 3386.088755 821.425862 26379.310345 
2000.000000 0.000000 3381.432782 862.805172 26379.310345 
2000.000000 0.000000 3376.732594 904.184483 26379.310345 
2000.000000 0.000000 3371.989327 945.563793 26379.310345 
2000.000000 0.000000 3367.202855 986.943103 26379.310345 
2000.000000 0.000000 3362.372587 1028.322414 26379.310345 
2000.000000 0.000000 3357.497526 1069.701724 26379.310345 
2000.000000 0.000000 3352.576420 1111.081034 26379.310345 
2000.000000 0.000000 3347.607660 1152.460345 26379.310345 
2000.000000 0.000000 3342.589326 1193.839655 26379.310345 
2000.000000 0.000000 3337.519192 1235.218966 26379.310345 
2000.000000 0.000000 3332.394558 1276.598276 26379.310345 
2000.000000 0.000000 3327.212359 1317.977586 26379.310345 
2000.000000 0.000000 3321.968955 1359.356897 26379.310345 
2000.000000 0.000000 3316.660119 1400.736207 26379.310345 
2000.000000 0.000000 3311.280830 1442.115517 26379.310345 
2000.000000 0.000000 3305.825143 1483.494828 26379.310345 
2000.000000 0.000000 3300.285895 1524.874138 26379.310345 
2000.000000 0.000000 3294.654573 1566.253448 26379.310345 
2000.000000 0.000000 3288.920565 1607.632759 26379.310345 
2000.000000 0.000000 3283.070879 1649.012069 26379.310345 
2000.000000 0.000000 3269.133527 1690.391379 26379.310345 
2000.000000 0.000000 3244.430193 1731.770690 26379.310345 
2000.000000 0.000000 3215.286625 1773.150000 26379.310345 
2000.000000 0.000000 3186.143057 1814.529310 26379.310345 
2000.000000 0.000000 3156.999490 1855.908621 26379.310345 
2000.000000 0.000000 3127.855922 1897.287931 26379.310345 
2000.000000 0.000000 3098.712354 1938.667241 26379.310345 
2000.000000 0.000000 3416.379180 573.150000 27931.034483 
2000.000000 0.000000 3412.094656 614.529310 27931.034483 
2000.000000 0.000000 3407.847926 655.908621 27931.034483 
2000.000000 0.000000 3403.518280 697.287931 27931.034483 
2000.000000 0.000000 3399.105408 738.667241 27931.034483 
2000.000000 0.000000 3394.622670 780.046552 27931.034483 
2000.000000 0.000000 3390.081850 821.425862 27931.034483 
2000.000000 0.000000 3385.454070 862.805172 27931.034483 
2000.000000 0.000000 3380.784572 904.184483 27931.034483 
2000.000000 0.000000 3376.073798 945.563793 27931.034483 
2000.000000 0.000000 3371.321607 986.943103 27931.034483 
2000.000000 0.000000 3366.527445 1028.322414 27931.034483 
2000.000000 0.000000 3361.690417 1069.701724 27931.034483 
2000.000000 0.000000 3356.809360 1111.081034 27931.034483 
2000.000000 0.000000 3351.882865 1152.460345 27931.034483 
2000.000000 0.000000 3346.909166 1193.839655 27931.034483 
2000.000000 0.000000 3341.886322 1235.218966 27931.034483 
2000.000000 0.000000 3336.811935 1276.598276 27931.034483 
2000.000000 0.000000 3331.683286 1317.977586 27931.034483 
2000.000000 0.000000 3326.497204 1359.356897 27931.034483 
2000.000000 0.000000 3321.249957 1400.736207 27931.034483 
2000.000000 0.000000 3315.937207 1442.115517 27931.034483 
2000.000000 0.000000 3310.553789 1483.494828 27931.034483 
2000.000000 0.000000 3305.093602 1524.874138 27931.034483 
2000.000000 0.000000 3299.549302 1566.253448 27931.034483 
2000.000000 0.000000 3293.911980 1607.632759 27931.034483 
2000.000000 0.000000 3288.170651 1649.012069 27931.034483 
2000.000000 0.000000 3279.968280 1690.391379 27931.034483 
2000.000000 0.000000 3257.808974 1731.770690 27931.034483 
2000.000000 0.000000 3224.622918 1773.150000 27931.034483 
2000.000000 0.000000 3191.436861 1814.529310 27931.034483 
2000.000000 0.000000 3158.250805 1855.908621 27931.034483 
2000.000000 0.000000 3125.064748 1897.287931 27931.034483 
2000.000000 0.000000 3091.878692 1938.667241 27931.034483 
2000.000000 0.000000 3420.236343 573.150000 29482.758621 
2000.000000 0.000000 3416.075160 614.529310 29482.758621 
2000.000000 0.000000 3411.736069 655.908621 29482.758621 
2000.000000 0.000000 3407.421442 697.287931 29482.758621 
2000.000000 0.000000 3403.025801 738.667241 29482.758621 
2000.000000 0.000000 3398.563565 780.046552 29482.758621 
2000.000000 0.000000 3394.045279 821.425862 29482.758621 
2000.000000 0.000000 3389.444654 862.805172 29482.758621 
2000.000000 0.000000 3384.804029 904.184483 29482.758621 
2000.000000 0.000000 3380.123799 945.563793 29482.758621 
2000.000000 0.000000 3375.403776 986.943103 29482.758621 
2000.000000 0.000000 3370.643451 1028.322414 29482.758621 
2000.000000 0.000000 3365.841991 1069.701724 29482.758621 
2000.000000 0.000000 3360.998325 1111.081034 29482.758621 
2000.000000 0.000000 3356.111145 1152.460345 29482.758621 
2000.000000 0.000000 3351.178923 1193.839655 29482.758621 
2000.000000 0.000000 3346.199848 1235.218966 29482.758621 
2000.000000 0.000000 3341.171796 1276.598276 29482.758621 
2000.000000 0.000000 3336.092346 1317.977586 29482.758621 
2000.000000 0.000000 3330.958707 1359.356897 29482.758621 
2000.000000 0.000000 3325.767563 1400.736207 29482.758621 
2000.000000 0.000000 3320.515097 1442.115517 29482.758621 
2000.000000 0.000000 3315.196838 1483.494828 29482.758621 
2000.000000 0.000000 3309.807445 1524.874138 29482.758621 
2000.000000 0.000000 3304.340599 1566.253448 29482.758621 
2000.000000 0.000000 3298.788660 1607.632759 29482.758621 
2000.000000 0.000000 3293.142331 1649.012069 29482.758621 
2000.000000 0.000000 3287.390120 1690.391379 29482.758621 
2000.000000 0.000000 3269.390927 1731.770690 29482.758621 
2000.000000 0.000000 3245.696969 1773.150000 29482.758621 
2000.000000 0.000000 3222.003010 1814.529310 29482.758621 
2000.000000 0.000000 3198.309052 1855.908621 29482.758621 
2000.000000 0.000000 3174.615094 1897.287931 29482.758621 
2000.000000 0.000000 3150.921135 1938.667241 29482.758621 
2000.000000 0.000000 3424.073763 573.150000 31034.482759 
2000.000000 0.000000 3419.927764 614.529310 31034.482759 
2000.000000 0.000000 3415.601822 655.908621 31034.482759 
2000.000000 0.000000 3411.300879 697.287931 31034.482759 
2000.000000 0.000000 3406.921437 738.667241 31034.482759 
2000.000000 0.000000 3402.478646 780.046552 31034.482759 
2000.000000 0.000000 3397.981780 821.425862 31034.482759 
2000.000000 0.000000 3393.406829 862.805172 31034.482759 
2000.000000 0.000000 3388.793507 904.184483 31034.482759 
2000.000000 0.000000 3384.142110 945.563793 31034.482759 
2000.000000 0.000000 3379.452445 986.943103 31034.482759 
2000.000000 0.000000 3374.723973 1028.322414 31034.482759 
2000.000000 0.000000 3369.955958 1069.701724 31034.482759 
2000.000000 0.000000 3365.147368 1111.081034 31034.482759 
2000.000000 0.000000 3360.297035 1152.460345 31034.482759 
2000.000000 0.000000 3355.403536 1193.839655 31034.482759 
2000.000000 0.000000 3350.465235 1235.218966 31034.482759 
2000.000000 0.000000 3345.480242 1276.598276 31034.482759 
2000.000000 0.000000 3340.446346 1317.977586 31034.482759 
2000.000000 0.000000 3335.361059 1359.356897 31034.482759 
2000.000000 0.000000 3330.221453 1400.736207 31034.482759 
2000.000000 0.000000 3325.024137 1442.115517 31034.482759 
2000.000000 0.000000 3319.765145 1483.494828 31034.482759 
2000.000000 0.000000 3314.439813 1524.874138 31034.482759 
2000.000000 0.000000 3309.042640 1566.253448 31034.482759 
2000.000000 0.000000 3303.567027 1607.632759 31034.482759 
2000.000000 0.000000 3298.004965 1649.012069 31034.482759 
2000.000000 0.000000 3292.346652 1690.391379 31034.482759 
2000.000000 0.000000 3279.278754 1731.770690 31034.482759 
2000.000000 0.000000 3258.812285 1773.150000 31034.482759 
2000.000000 0.000000 3238.345817 1814.529310 31034.482759 
2000.000000 0.000000 3217.879349 1855.908621 31034.482759 
2000.000000 0.000000 3197.412880 1897.287931 31034.482759 
2000.000000 0.000000 3176.946412 1938.667241 31034.482759 
2000.000000 0.000000 3427.892286 573.150000 32586.206897 
2000.000000 0.000000 3423.760386 614.529310 32586.206897 
2000.000000 0.000000 3419.446235 655.908621 32586.206897 
2000.000000 0.000000 3415.157849 697.287931 32586.206897 
2000.000000 0.000000 3410.793748 738.667241 32586.206897 
2000.000000 0.000000 3406.369486 780.046552 32586.206897 
2000.000000 0.000000 3401.893056 821.425862 32586.206897 
2000.000000 0.000000 3397.342523 862.805172 32586.206897 
2000.000000 0.000000 3392.755120 904.184483 32586.206897 
2000.000000 0.000000 3388.131065 945.563793 32586.206897 
2000.000000 0.000000 3383.470135 986.943103 32586.206897 
2000.000000 0.000000 3378.771819 1028.322414 32586.206897 
2000.000000 0.000000 3374.035373 1069.701724 32586.206897 
2000.000000 0.000000 3369.259881 1111.081034 32586.206897 
2000.000000 0.000000 3364.444226 1152.460345 32586.206897 
2000.000000 0.000000 3359.587105 1193.839655 32586.206897 
2000.000000 0.000000 3354.687020 1235.218966 32586.206897 
2000.000000 0.000000 3349.742257 1276.598276 32586.206897 
2000.000000 0.000000 3344.750821 1317.977586 32586.206897 
2000.000000 0.000000 3339.710457 1359.356897 32586.206897 
2000.000000 0.000000 3334.618521 1400.736207 32586.206897 
2000.000000 0.000000 3329.472032 1442.115517 32586.206897 
2000.000000 0.000000 3324.267436 1483.494828 32586.206897 
2000.000000 0.000000 3319.000615 1524.874138 32586.206897 
2000.000000 0.000000 3313.666736 1566.253448 32586.206897 
2000.000000 0.000000 3308.260012 1607.632759 32586.206897 
2000.000000 0.000000 3302.773520 1649.012069 32586.206897 
2000.000000 0.000000 3297.198827 1690.391379 32586.206897 
2000.000000 0.000000 3287.508834 1731.770690 32586.206897 
2000.000000 0.000000 3270.201127 1773.150000 32586.206897 
2000.000000 0.000000 3252.893420 1814.529310 32586.206897 
2000.000000 0.000000 3235.585712 1855.908621 32586.206897 
2000.000000 0.000000 3218.278005 1897.287931 32586.206897 
2000.000000 0.000000 3200.970298 1938.667241 32586.206897 
2000.000000 0.000000 3431.692632 573.150000 34137.931034 
2000.000000 0.000000 3427.573813 614.529310 34137.931034 
2000.000000 0.000000 3423.270194 655.908621 34137.931034 
2000.000000 0.000000 3418.993436 697.287931 34137.931034 
2000.000000 0.000000 3414.643965 738.667241 34137.931034 
2000.000000 0.000000 3410.237456 780.046552 34137.931034 
2000.000000 0.000000 3405.780606 821.425862 34137.931034 
2000.000000 0.000000 3401.253342 862.805172 34137.931034 
2000.000000 0.000000 3396.690632 904.184483 34137.931034 
2000.000000 0.000000 3392.092602 945.563793 34137.931034 
2000.000000 0.000000 3387.459000 986.943103 34137.931034 
2000.000000 0.000000 3382.789315 1028.322414 34137.931034 
2000.000000 0.000000 3378.082831 1069.701724 34137.931034 
2000.000000 0.000000 3373.338678 1111.081034 34137.931034 
2000.000000 0.000000 3368.555805 1152.460345 34137.931034 
2000.000000 0.000000 3363.733028 1193.839655 34137.931034 
2000.000000 0.000000 3358.868939 1235.218966 34137.931034 
2000.000000 0.000000 3353.961982 1276.598276 34137.931034 
2000.000000 0.000000 3349.010337 1317.977586 34137.931034 
2000.000000 0.000000 3344.011934 1359.356897 34137.931034 
2000.000000 0.000000 3338.964423 1400.736207 34137.931034 
2000.000000 0.000000 3333.865099 1442.115517 34137.931034 
2000.000000 0.000000 3328.710782 1483.494828 34137.931034 
2000.000000 0.000000 3323.497820 1524.874138 34137.931034 
2000.000000 0.000000 3318.221887 1566.253448 34137.931034 
2000.000000 0.000000 3312.877942 1607.632759 34137.931034 
2000.000000 0.000000 3307.459880 1649.012069 34137.931034 
2000.000000 0.000000 3301.960388 1690.391379 34137.931034 
2000.000000 0.000000 3294.332329 1731.770690 34137.931034 
2000.000000 0.000000 3280.073467 1773.150000 34137.931034 
2000.000000 0.000000 3265.814605 1814.529310 34137.931034 
2000.000000 0.000000 3251.555743 1855.908621 34137.931034 
2000.000000 0.000000 3237.296881 1897.287931 34137.931034 
2000.000000 0.000000 3223.038019 1938.667241 34137.931034 
2000.000000 0.000000 3435.475441 573.150000 35689.655172 
2000.000000 0.000000 3431.368704 614.529310 35689.655172 
2000.000000 0.000000 3427.174665 655.908621 35689.655172 
2000.000000 0.000000 3422.808560 697.287931 35689.655172 
2000.000000 0.000000 3418.473150 738.667241 35689.655172 
2000.000000 0.000000 3414.083710 780.046552 35689.655172 
2000.000000 0.000000 3409.645683 821.425862 35689.655172 
2000.000000 0.000000 3405.140702 862.805172 35689.655172 
2000.000000 0.000000 3400.601590 904.184483 35689.655172 
2000.000000 0.000000 3396.028404 945.563793 35689.655172 
2000.000000 0.000000 3391.420874 986.943103 35689.655172 
2000.000000 0.000000 3386.778467 1028.322414 35689.655172 
2000.000000 0.000000 3382.100520 1069.701724 35689.655172 
2000.000000 0.000000 3377.386148 1111.081034 35689.655172 
2000.000000 0.000000 3372.634417 1152.460345 35689.655172 
2000.000000 0.000000 3367.844185 1193.839655 35689.655172 
2000.000000 0.000000 3363.014151 1235.218966 35689.655172 
2000.000000 0.000000 3358.142887 1276.598276 35689.655172 
2000.000000 0.000000 3353.228706 1317.977586 35689.655172 
2000.000000 0.000000 3348.269735 1359.356897 35689.655172 
2000.000000 0.000000 3343.263839 1400.736207 35689.655172 
2000.000000 0.000000 3338.208553 1442.115517 35689.655172 
2000.000000 0.000000 3333.101022 1483.494828 35689.655172 
2000.000000 0.000000 3327.937942 1524.874138 35689.655172 
2000.000000 0.000000 3322.715495 1566.253448 35689.655172 
2000.000000 0.000000 3317.429189 1607.632759 35689.655172 
2000.000000 0.000000 3312.073623 1649.012069 35689.655172 
2000.000000 0.000000 3306.642387 1690.391379 35689.655172 
2000.000000 0.000000 3300.178877 1731.770690 35689.655172 
2000.000000 0.000000 3288.608051 1773.150000 35689.655172 
2000.000000 0.000000 3277.037224 1814.529310 35689.655172 
2000.000000 0.000000 3265.466398 1855.908621 35689.655172 
2000.000000 0.000000 3253.895572 1897.287931 35689.655172 
2000.000000 0.000000 3242.324746 1938.667241 35689.655172 
2000.000000 0.000000 3439.241270 573.150000 37241.379310 
2000.000000 0.000000 3435.145611 614.529310 37241.379310 
2000.000000 0.000000 3430.975598 655.908621 37241.379310 
2000.000000 0.000000 3426.604050 697.287931 37241.379310 
2000.000000 0.000000 3422.282203 738.667241 37241.379310 
2000.000000 0.000000 3417.909233 780.046552 37241.379310 
2000.000000 0.000000 3413.489383 821.425862 37241.379310 
2000.000000 0.000000 3409.005783 862.805172 37241.379310 
2000.000000 0.000000 3404.489294 904.184483 37241.379310 
2000.000000 0.000000 3399.939913 945.563793 37241.379310 
2000.000000 0.000000 3395.357326 986.943103 37241.379310 
2000.000000 0.000000 3390.741001 1028.322414 37241.379310 
2000.000000 0.000000 3386.090288 1069.701724 37241.379310 
2000.000000 0.000000 3381.404341 1111.081034 37241.379310 
2000.000000 0.000000 3376.682276 1152.460345 37241.379310 
2000.000000 0.000000 3371.922991 1193.839655 37241.379310 
2000.000000 0.000000 3367.125310 1235.218966 37241.379310 
2000.000000 0.000000 3362.287877 1276.598276 37241.379310 
2000.000000 0.000000 3357.409138 1317.977586 37241.379310 
2000.000000 0.000000 3352.487404 1359.356897 37241.379310 
2000.000000 0.000000 3347.520682 1400.736207 37241.379310 
2000.000000 0.000000 3342.506718 1442.115517 37241.379310 
2000.000000 0.000000 3337.442944 1483.494828 37241.379310 
2000.000000 0.000000 3332.326419 1524.874138 37241.379310 
2000.000000 0.000000 3327.153623 1566.253448 37241.379310 
2000.000000 0.000000 3321.920604 1607.632759 37241.379310 
2000.000000 0.000000 3316.622518 1649.012069 37241.379310 
2000.000000 0.000000 3311.253772 1690.391379 37241.379310 
2000.000000 0.000000 3305.452316 1731.770690 37241.379310 
2000.000000 0.000000 3296.048749 1773.150000 37241.379310 
2000.000000 0.000000 3286.645182 1814.529310 37241.379310 
2000.000000 0.000000 3277.241616 1855.908621 37241.379310 
2000.000000 0.000000 3267.838049 1897.287931 37241.379310 
2000.000000 0.000000 3258.434482 1938.667241 37241.379310 
2000.000000 0.000000 3442.990607 573.150000 38793.103448 
2000.000000 0.000000 3438.904990 614.529310 38793.103448 
2000.000000 0.000000 3434.742912 655.908621 38793.103448 
2000.000000 0.000000 3430.380596 697.287931 38793.103448 
2000.000000 0.000000 3426.071935 738.667241 38793.103448 
2000.000000 0.000000 3421.714934 780.046552 38793.103448 
2000.000000 0.000000 3417.312653 821.425862 38793.103448 
2000.000000 0.000000 3412.849630 862.805172 38793.103448 
2000.000000 0.000000 3408.354888 904.184483 38793.103448 
2000.000000 0.000000 3403.828363 945.563793 38793.103448 
2000.000000 0.000000 3399.269710 986.943103 38793.103448 
2000.000000 0.000000 3394.678399 1028.322414 38793.103448 
2000.000000 0.000000 3390.053763 1069.701724 38793.103448 
2000.000000 0.000000 3385.395022 1111.081034 38793.103448 
2000.000000 0.000000 3380.701285 1152.460345 38793.103448 
2000.000000 0.000000 3375.971560 1193.839655 38793.103448 
2000.000000 0.000000 3371.204705 1235.218966 38793.103448 
2000.000000 0.000000 3366.399442 1276.598276 38793.103448 
2000.000000 0.000000 3361.554393 1317.977586 38793.103448 
2000.000000 0.000000 3356.667912 1359.356897 38793.103448 
2000.000000 0.000000 3351.738217 1400.736207 38793.103448 
2000.000000 0.000000 3346.763248 1442.115517 38793.103448 
2000.000000 0.000000 3341.740641 1483.494828 38793.103448 
2000.000000 0.000000 3336.667704 1524.874138 38793.103448 
2000.000000 0.000000 3331.541334 1566.253448 38793.103448 
2000.000000 0.000000 3326.357854 1607.632759 38793.103448 
2000.000000 0.000000 3321.113062 1649.012069 38793.103448 
2000.000000 0.000000 3315.801852 1690.391379 38793.103448 
2000.000000 0.000000 3310.430108 1731.770690 38793.103448 
2000.000000 0.000000 3302.675971 1773.150000 38793.103448 
2000.000000 0.000000 3294.921833 1814.529310 38793.103448 
2000.000000 0.000000 3287.167696 1855.908621 38793.103448 
2000.000000 0.000000 3279.413559 1897.287931 38793.103448 
2000.000000 0.000000 3271.659422 1938.667241 38793.103448 
2000.000000 0.000000 3446.723869 573.150000 40344.827586 
2000.000000 0.000000 3442.647226 614.529310 40344.827586 
2000.000000 0.000000 3438.492193 655.908621 40344.827586 
2000.000000 0.000000 3434.138852 697.287931 40344.827586 
2000.000000 0.000000 3429.843051 738.667241 40344.827586 
2000.000000 0.000000 3425.501552 780.046552 40344.827586 
2000.000000 0.000000 3421.116318 821.425862 40344.827586 
2000.000000 0.000000 3416.673146 862.805172 40344.827586 
2000.000000 0.000000 3412.199357 904.184483 40344.827586 
2000.000000 0.000000 3407.694832 945.563793 40344.827586 
2000.000000 0.000000 3403.159205 986.943103 40344.827586 
2000.000000 0.000000 3398.591923 1028.322414 40344.827586 
2000.000000 0.000000 3393.992338 1069.701724 40344.827586 
2000.000000 0.000000 3389.359690 1111.081034 40344.827586 
2000.000000 0.000000 3384.693122 1152.460345 40344.827586 
2000.000000 0.000000 3379.991663 1193.839655 40344.827586 
2000.000000 0.000000 3375.254274 1235.218966 40344.827586 
2000.000000 0.000000 3370.479758 1276.598276 40344.827586 
2000.000000 0.000000 3365.666774 1317.977586 40344.827586 
2000.000000 0.000000 3360.813847 1359.356897 40344.827586 
2000.000000 0.000000 3355.919301 1400.736207 40344.827586 
2000.000000 0.000000 3350.981256 1442.115517 40344.827586 
2000.000000 0.000000 3345.997516 1483.494828 40344.827586 
2000.000000 0.000000 3340.965659 1524.874138 40344.827586 
2000.000000 0.000000 3335.882826 1566.253448 40344.827586 
2000.000000 0.000000 3330.745737 1607.632759 40344.827586 
2000.000000 0.000000 3325.550552 1649.012069 40344.827586 
2000.000000 0.000000 3320.292741 1690.391379 40344.827586 
2000.000000 0.000000 3315.275085 1731.770690 40344.827586 
2000.000000 0.000000 3308.741448 1773.150000 40344.827586 
2000.000000 0.000000 3302.207811 1814.529310 40344.827586 
2000.000000 0.000000 3295.674174 1855.908621 40344.827586 
2000.000000 0.000000 3289.140537 1897.287931 40344.827586 
2000.000000 0.000000 3282.606901 1938.667241 40344.827586 
2000.000000 0.000000 3450.441415 573.150000 41896.551724 
2000.000000 0.000000 3446.372623 614.529310 41896.551724 
2000.000000 0.000000 3442.223899 655.908621 41896.551724 
2000.000000 0.000000 3437.999433 697.287931 41896.551724 
2000.000000 0.000000 3433.596168 738.667241 41896.551724 
2000.000000 0.000000 3429.269778 780.046552 41896.551724 
2000.000000 0.000000 3424.901116 821.425862 41896.551724 
2000.000000 0.000000 3420.477136 862.805172 41896.551724 
2000.000000 0.000000 3416.023583 904.184483 41896.551724 
2000.000000 0.000000 3411.540289 945.563793 41896.551724 
2000.000000 0.000000 3407.026847 986.943103 41896.551724 
2000.000000 0.000000 3402.482723 1028.322414 41896.551724 
2000.000000 0.000000 3397.907246 1069.701724 41896.551724 
2000.000000 0.000000 3393.299671 1111.081034 41896.551724 
2000.000000 0.000000 3388.659198 1152.460345 41896.551724 
2000.000000 0.000000 3383.984897 1193.839655 41896.551724 
2000.000000 0.000000 3379.275736 1235.218966 41896.551724 
2000.000000 0.000000 3374.530632 1276.598276 41896.551724 
2000.000000 0.000000 3369.748315 1317.977586 41896.551724 
2000.000000 0.000000 3364.927407 1359.356897 41896.551724 
2000.000000 0.000000 3360.066331 1400.736207 41896.551724 
2000.000000 0.000000 3355.163376 1442.115517 41896.551724 
2000.000000 0.000000 3350.216504 1483.494828 41896.551724 
2000.000000 0.000000 3345.223491 1524.874138 41896.551724 
2000.000000 0.000000 3340.181724 1566.253448 41896.551724 
2000.000000 0.000000 3335.088228 1607.632759 41896.551724 
2000.000000 0.000000 3329.939510 1649.012069 41896.551724 
2000.000000 0.000000 3324.731509 1690.391379 41896.551724 
2000.000000 0.000000 3320.075287 1731.770690 41896.551724 
2000.000000 0.000000 3314.435500 1773.150000 41896.551724 
2000.000000 0.000000 3308.795712 1814.529310 41896.551724 
2000.000000 0.000000 3303.155925 1855.908621 41896.551724 
2000.000000 0.000000 3297.516137 1897.287931 41896.551724 
2000.000000 0.000000 3291.876350 1938.667241 41896.551724 
2000.000000 0.000000 3454.143532 573.150000 43448.275862 
2000.000000 0.000000 3450.081442 614.529310 43448.275862 
2000.000000 0.000000 3445.938445 655.908621 43448.275862 
2000.000000 0.000000 3441.723018 697.287931 43448.275862 
2000.000000 0.000000 3437.331835 738.667241 43448.275862 
2000.000000 0.000000 3433.020205 780.046552 43448.275862 
2000.000000 0.000000 3428.667684 821.425862 43448.275862 
2000.000000 0.000000 3424.262299 862.805172 43448.275862 
2000.000000 0.000000 3419.828327 904.184483 43448.275862 
2000.000000 0.000000 3415.365555 945.563793 43448.275862 
2000.000000 0.000000 3410.873559 986.943103 43448.275862 
2000.000000 0.000000 3406.351765 1028.322414 43448.275862 
2000.000000 0.000000 3401.799540 1069.701724 43448.275862 
2000.000000 0.000000 3397.216145 1111.081034 43448.275862 
2000.000000 0.000000 3392.600798 1152.460345 43448.275862 
2000.000000 0.000000 3387.952597 1193.839655 43448.275862 
2000.000000 0.000000 3383.270589 1235.218966 43448.275862 
2000.000000 0.000000 3378.553712 1276.598276 43448.275862 
2000.000000 0.000000 3373.800772 1317.977586 43448.275862 
2000.000000 0.000000 3369.010503 1359.356897 43448.275862 
2000.000000 0.000000 3364.181424 1400.736207 43448.275862 
2000.000000 0.000000 3359.311904 1442.115517 43448.275862 
2000.000000 0.000000 3354.400124 1483.494828 43448.275862 
2000.000000 0.000000 3349.443986 1524.874138 43448.275862 
2000.000000 0.000000 3344.441098 1566.253448 43448.275862 
2000.000000 0.000000 3339.388751 1607.632759 43448.275862 
2000.000000 0.000000 3334.283758 1649.012069 43448.275862 
2000.000000 0.000000 3329.122448 1690.391379 43448.275862 
2000.000000 0.000000 3324.875529 1731.770690 43448.275862 
2000.000000 0.000000 3319.888606 1773.150000 43448.275862 
2000.000000 0.000000 3314.901683 1814.529310 43448.275862 
2000.000000 0.000000 3309.914760 1855.908621 43448.275862 
2000.000000 0.000000 3304.927837 1897.287931 43448.275862 
2000.000000 0.000000 3299.940914 1938.667241 43448.275862 
2000.000000 0.000000 3457.830436 573.150000 45000.000000 
2000.000000 0.000000 3453.773897 614.529310 45000.000000 
2000.000000 0.000000 3449.636228 655.908621 45000.000000 
2000.000000 0.000000 3445.429777 697.287931 45000.000000 
2000.000000 0.000000 3441.050569 738.667241 45000.000000 
2000.000000 0.000000 3436.753368 780.046552 45000.000000 
2000.000000 0.000000 3432.416601 821.425862 45000.000000 
2000.000000 0.000000 3428.029263 862.805172 45000.000000 
2000.000000 0.000000 3423.614280 904.184483 45000.000000 
2000.000000 0.000000 3419.171384 945.563793 45000.000000 
2000.000000 0.000000 3414.700128 986.943103 45000.000000 
2000.000000 0.000000 3410.199948 1028.322414 45000.000000 
2000.000000 0.000000 3405.670187 1069.701724 45000.000000 
2000.000000 0.000000 3401.110144 1111.081034 45000.000000 
2000.000000 0.000000 3396.519025 1152.460345 45000.000000 
2000.000000 0.000000 3391.895985 1193.839655 45000.000000 
2000.000000 0.000000 3387.240122 1235.218966 45000.000000 
2000.000000 0.000000 3382.550394 1276.598276 45000.000000 
2000.000000 0.000000 3377.825692 1317.977586 45000.000000 
2000.000000 0.000000 3373.064809 1359.356897 45000.000000 
2000.000000 0.000000 3368.266371 1400.736207 45000.000000 
2000.000000 0.000000 3363.428857 1442.115517 45000.000000 
2000.000000 0.000000 3358.550549 1483.494828 45000.000000 
2000.000000 0.000000 3353.629529 1524.874138 45000.000000 
2000.000000 0.000000 3348.663595 1566.253448 45000.000000 
2000.000000 0.000000 3343.650243 1607.632759 45000.000000 
2000.000000 0.000000 3338.586562 1649.012069 45000.000000 
2000.000000 0.000000 3333.469199 1690.391379 45000.000000 
2000.000000 0.000000 3329.696556 1731.770690 45000.000000 
2000.000000 0.000000 3325.185790 1773.150000 45000.000000 
2000.000000 0.000000 3320.675025 1814.529310 45000.000000 
2000.000000 0.000000 3316.164259 1855.908621 45000.000000 
2000.000000 0.000000 3311.653494 1897.287931 45000.000000 
2000.000000 0.000000 3307.142728 1938.667241 45000.000000 
