5
















































573.150000
41.379310
34
0.000000
1551.724138
30
2000.000000 0.000000 3016.685299 573.150000 0.000000 
2000.000000 0.000000 3024.790099 614.529310 0.000000 
2000.000000 0.000000 3022.715185 655.908621 0.000000 
2000.000000 0.000000 3003.164156 697.287931 0.000000 
2000.000000 0.000000 2989.271969 738.667241 0.000000 
2000.000000 0.000000 2972.702110 780.046552 0.000000 
2000.000000 0.000000 2964.878075 821.425862 0.000000 
2000.000000 0.000000 2962.046643 862.805172 0.000000 
2000.000000 0.000000 2963.713625 904.184483 0.000000 
2000.000000 0.000000 2966.696230 945.563793 0.000000 
2000.000000 0.000000 3027.477146 986.943103 0.000000 
2000.000000 0.000000 3016.563177 1028.322414 0.000000 
2000.000000 0.000000 3009.188577 1069.701724 0.000000 
2000.000000 0.000000 2983.841747 1111.081034 0.000000 
2000.000000 0.000000 2947.776533 1152.460345 0.000000 
2000.000000 0.000000 2899.666336 1193.839655 0.000000 
2000.000000 0.000000 2854.855281 1235.218966 0.000000 
2000.000000 0.000000 2811.529788 1276.598276 0.000000 
2000.000000 0.000000 2790.508772 1317.977586 0.000000 
2000.000000 0.000000 2765.649109 1359.356897 0.000000 
2000.000000 0.000000 2729.458742 1400.736207 0.000000 
2000.000000 0.000000 2687.954834 1442.115517 0.000000 
2000.000000 0.000000 2651.161582 1483.494828 0.000000 
2000.000000 0.000000 2627.595739 1524.874138 0.000000 
2000.000000 0.000000 2615.804907 1566.253448 0.000000 
2000.000000 0.000000 2603.694288 1607.632759 0.000000 
2000.000000 0.000000 2591.263120 1649.012069 0.000000 
2000.000000 0.000000 2578.510050 1690.391379 0.000000 
2000.000000 0.000000 2565.497097 1731.770690 0.000000 
2000.000000 0.000000 2552.380763 1773.150000 0.000000 
2000.000000 0.000000 2539.264429 1814.529310 0.000000 
2000.000000 0.000000 2526.148095 1855.908621 0.000000 
2000.000000 0.000000 2513.031760 1897.287931 0.000000 
2000.000000 0.000000 2499.915426 1938.667241 0.000000 
2000.000000 0.000000 3024.232919 573.150000 1551.724138 
2000.000000 0.000000 3033.047858 614.529310 1551.724138 
2000.000000 0.000000 3030.264420 655.908621 1551.724138 
2000.000000 0.000000 3065.653621 697.287931 1551.724138 
2000.000000 0.000000 3009.973894 738.667241 1551.724138 
2000.000000 0.000000 3002.379177 780.046552 1551.724138 
2000.000000 0.000000 2994.063501 821.425862 1551.724138 
2000.000000 0.000000 2984.393859 862.805172 1551.724138 
2000.000000 0.000000 2981.078070 904.184483 1551.724138 
2000.000000 0.000000 2981.297251 945.563793 1551.724138 
2000.000000 0.000000 2982.044416 986.943103 1551.724138 
2000.000000 0.000000 2924.194647 1028.322414 1551.724138 
2000.000000 0.000000 2922.589232 1069.701724 1551.724138 
2000.000000 0.000000 2896.442833 1111.081034 1551.724138 
2000.000000 0.000000 2859.889144 1152.460345 1551.724138 
2000.000000 0.000000 2814.190705 1193.839655 1551.724138 
2000.000000 0.000000 2762.488450 1235.218966 1551.724138 
2000.000000 0.000000 2718.459774 1276.598276 1551.724138 
2000.000000 0.000000 2678.156489 1317.977586 1551.724138 
2000.000000 0.000000 2641.806833 1359.356897 1551.724138 
2000.000000 0.000000 2619.075340 1400.736207 1551.724138 
2000.000000 0.000000 2593.744076 1442.115517 1551.724138 
2000.000000 0.000000 2566.288453 1483.494828 1551.724138 
2000.000000 0.000000 2554.865927 1524.874138 1551.724138 
2000.000000 0.000000 2543.393681 1566.253448 1551.724138 
2000.000000 0.000000 2531.872659 1607.632759 1551.724138 
2000.000000 0.000000 2520.303805 1649.012069 1551.724138 
2000.000000 0.000000 2508.687965 1690.391379 1551.724138 
2000.000000 0.000000 2497.193338 1731.770690 1551.724138 
2000.000000 0.000000 2485.703470 1773.150000 1551.724138 
2000.000000 0.000000 2474.213603 1814.529310 1551.724138 
2000.000000 0.000000 2462.723736 1855.908621 1551.724138 
2000.000000 0.000000 2451.233869 1897.287931 1551.724138 
2000.000000 0.000000 2439.744002 1938.667241 1551.724138 
2000.000000 0.000000 3032.148008 573.150000 3103.448276 
2000.000000 0.000000 3041.821433 614.529310 3103.448276 
2000.000000 0.000000 3039.177140 655.908621 3103.448276 
2000.000000 0.000000 3037.672226 697.287931 3103.448276 
2000.000000 0.000000 3073.321808 738.667241 3103.448276 
2000.000000 0.000000 3027.377937 780.046552 3103.448276 
2000.000000 0.000000 3016.111824 821.425862 3103.448276 
2000.000000 0.000000 3008.616630 862.805172 3103.448276 
2000.000000 0.000000 3003.837355 904.184483 3103.448276 
2000.000000 0.000000 3004.110777 945.563793 3103.448276 
2000.000000 0.000000 2913.915638 986.943103 3103.448276 
2000.000000 0.000000 2882.603332 1028.322414 3103.448276 
2000.000000 0.000000 2855.155849 1069.701724 3103.448276 
2000.000000 0.000000 2828.803308 1111.081034 3103.448276 
2000.000000 0.000000 2795.451338 1152.460345 3103.448276 
2000.000000 0.000000 2758.155846 1193.839655 3103.448276 
2000.000000 0.000000 2729.738065 1235.218966 3103.448276 
2000.000000 0.000000 2701.979791 1276.598276 3103.448276 
2000.000000 0.000000 2687.839440 1317.977586 3103.448276 
2000.000000 0.000000 2669.442372 1359.356897 3103.448276 
2000.000000 0.000000 2648.051164 1400.736207 3103.448276 
2000.000000 0.000000 2624.342893 1442.115517 3103.448276 
2000.000000 0.000000 2597.889314 1483.494828 3103.448276 
2000.000000 0.000000 2577.907309 1524.874138 3103.448276 
2000.000000 0.000000 2566.530804 1566.253448 3103.448276 
2000.000000 0.000000 2555.105676 1607.632759 3103.448276 
2000.000000 0.000000 2543.632862 1649.012069 3103.448276 
2000.000000 0.000000 2532.231473 1690.391379 3103.448276 
2000.000000 0.000000 2520.901517 1731.770690 3103.448276 
2000.000000 0.000000 2509.484934 1773.150000 3103.448276 
2000.000000 0.000000 2498.068350 1814.529310 3103.448276 
2000.000000 0.000000 2486.651767 1855.908621 3103.448276 
2000.000000 0.000000 2475.235184 1897.287931 3103.448276 
2000.000000 0.000000 2463.818601 1938.667241 3103.448276 
2000.000000 0.000000 3040.697819 573.150000 4655.172414 
2000.000000 0.000000 3051.307431 614.529310 4655.172414 
2000.000000 0.000000 3049.069546 655.908621 4655.172414 
2000.000000 0.000000 3047.244292 697.287931 4655.172414 
2000.000000 0.000000 3089.053005 738.667241 4655.172414 
2000.000000 0.000000 3069.588768 780.046552 4655.172414 
2000.000000 0.000000 3056.611149 821.425862 4655.172414 
2000.000000 0.000000 3045.457926 862.805172 4655.172414 
2000.000000 0.000000 3036.320531 904.184483 4655.172414 
2000.000000 0.000000 3028.938020 945.563793 4655.172414 
2000.000000 0.000000 2885.199235 986.943103 4655.172414 
2000.000000 0.000000 2852.635869 1028.322414 4655.172414 
2000.000000 0.000000 2838.455708 1069.701724 4655.172414 
2000.000000 0.000000 2825.169609 1111.081034 4655.172414 
2000.000000 0.000000 2807.131674 1152.460345 4655.172414 
2000.000000 0.000000 2784.118422 1193.839655 4655.172414 
2000.000000 0.000000 2759.001933 1235.218966 4655.172414 
2000.000000 0.000000 2731.747535 1276.598276 4655.172414 
2000.000000 0.000000 2712.296057 1317.977586 4655.172414 
2000.000000 0.000000 2694.889454 1359.356897 4655.172414 
2000.000000 0.000000 2674.621806 1400.736207 4655.172414 
2000.000000 0.000000 2652.287410 1442.115517 4655.172414 
2000.000000 0.000000 2627.500946 1483.494828 4655.172414 
2000.000000 0.000000 2600.536187 1524.874138 4655.172414 
2000.000000 0.000000 2588.046421 1566.253448 4655.172414 
2000.000000 0.000000 2576.702814 1607.632759 4655.172414 
2000.000000 0.000000 2565.392308 1649.012069 4655.172414 
2000.000000 0.000000 2554.204663 1690.391379 4655.172414 
2000.000000 0.000000 2542.928705 1731.770690 4655.172414 
2000.000000 0.000000 2531.571260 1773.150000 4655.172414 
2000.000000 0.000000 2520.213815 1814.529310 4655.172414 
2000.000000 0.000000 2508.856370 1855.908621 4655.172414 
2000.000000 0.000000 2497.498925 1897.287931 4655.172414 
2000.000000 0.000000 2486.141481 1938.667241 4655.172414 
2000.000000 0.000000 3100.761366 573.150000 6206.896552 
2000.000000 0.000000 3048.020761 614.529310 6206.896552 
2000.000000 0.000000 3060.534225 655.908621 6206.896552 
2000.000000 0.000000 3059.003073 697.287931 6206.896552 
2000.000000 0.000000 3109.456989 738.667241 6206.896552 
2000.000000 0.000000 3108.643929 780.046552 6206.896552 
2000.000000 0.000000 3089.767018 821.425862 6206.896552 
2000.000000 0.000000 3077.585396 862.805172 6206.896552 
2000.000000 0.000000 3066.723268 904.184483 6206.896552 
2000.000000 0.000000 2946.525864 945.563793 6206.896552 
2000.000000 0.000000 2892.450852 986.943103 6206.896552 
2000.000000 0.000000 2869.198655 1028.322414 6206.896552 
2000.000000 0.000000 2858.681298 1069.701724 6206.896552 
2000.000000 0.000000 2846.251614 1111.081034 6206.896552 
2000.000000 0.000000 2829.954672 1152.460345 6206.896552 
2000.000000 0.000000 2808.740645 1193.839655 6206.896552 
2000.000000 0.000000 2784.943341 1235.218966 6206.896552 
2000.000000 0.000000 2759.796989 1276.598276 6206.896552 
2000.000000 0.000000 2735.447294 1317.977586 6206.896552 
2000.000000 0.000000 2718.559309 1359.356897 6206.896552 
2000.000000 0.000000 2699.226393 1400.736207 6206.896552 
2000.000000 0.000000 2678.052489 1442.115517 6206.896552 
2000.000000 0.000000 2654.691540 1483.494828 6206.896552 
2000.000000 0.000000 2628.802362 1524.874138 6206.896552 
2000.000000 0.000000 2609.343130 1566.253448 6206.896552 
2000.000000 0.000000 2596.990179 1607.632759 6206.896552 
2000.000000 0.000000 2585.930211 1649.012069 6206.896552 
2000.000000 0.000000 2574.780913 1690.391379 6206.896552 
2000.000000 0.000000 2563.548957 1731.770690 6206.896552 
2000.000000 0.000000 2552.240124 1773.150000 6206.896552 
2000.000000 0.000000 2540.931292 1814.529310 6206.896552 
2000.000000 0.000000 2529.622459 1855.908621 6206.896552 
2000.000000 0.000000 2518.313627 1897.287931 6206.896552 
2000.000000 0.000000 2507.004794 1938.667241 6206.896552 
2000.000000 0.000000 3172.238665 573.150000 7758.620690 
2000.000000 0.000000 3169.432169 614.529310 7758.620690 
2000.000000 0.000000 3163.171203 655.908621 7758.620690 
2000.000000 0.000000 3075.004245 697.287931 7758.620690 
2000.000000 0.000000 3138.601012 738.667241 7758.620690 
2000.000000 0.000000 3134.527104 780.046552 7758.620690 
2000.000000 0.000000 3127.418427 821.425862 7758.620690 
2000.000000 0.000000 3107.557782 862.805172 7758.620690 
2000.000000 0.000000 3095.446857 904.184483 7758.620690 
2000.000000 0.000000 2939.661840 945.563793 7758.620690 
2000.000000 0.000000 2922.498177 986.943103 7758.620690 
2000.000000 0.000000 2904.221664 1028.322414 7758.620690 
2000.000000 0.000000 2890.680084 1069.701724 7758.620690 
2000.000000 0.000000 2889.337433 1111.081034 7758.620690 
2000.000000 0.000000 2879.207085 1152.460345 7758.620690 
2000.000000 0.000000 2859.424395 1193.839655 7758.620690 
2000.000000 0.000000 2825.257774 1235.218966 7758.620690 
2000.000000 0.000000 2786.062124 1276.598276 7758.620690 
2000.000000 0.000000 2760.799212 1317.977586 7758.620690 
2000.000000 0.000000 2740.780785 1359.356897 7758.620690 
2000.000000 0.000000 2722.214696 1400.736207 7758.620690 
2000.000000 0.000000 2702.014934 1442.115517 7758.620690 
2000.000000 0.000000 2679.881320 1483.494828 7758.620690 
2000.000000 0.000000 2655.508485 1524.874138 7758.620690 
2000.000000 0.000000 2629.484093 1566.253448 7758.620690 
2000.000000 0.000000 2617.054360 1607.632759 7758.620690 
2000.000000 0.000000 2605.282664 1649.012069 7758.620690 
2000.000000 0.000000 2594.164818 1690.391379 7758.620690 
2000.000000 0.000000 2582.969362 1731.770690 7758.620690 
2000.000000 0.000000 2571.701149 1773.150000 7758.620690 
2000.000000 0.000000 2560.432935 1814.529310 7758.620690 
2000.000000 0.000000 2549.164722 1855.908621 7758.620690 
2000.000000 0.000000 2537.896509 1897.287931 7758.620690 
2000.000000 0.000000 2526.628295 1938.667241 7758.620690 
2000.000000 0.000000 3177.917688 573.150000 9310.344828 
2000.000000 0.000000 3173.989836 614.529310 9310.344828 
2000.000000 0.000000 3172.969708 655.908621 9310.344828 
2000.000000 0.000000 3203.356976 697.287931 9310.344828 
2000.000000 0.000000 3189.954139 738.667241 9310.344828 
2000.000000 0.000000 3173.647146 780.046552 9310.344828 
2000.000000 0.000000 3157.541866 821.425862 9310.344828 
2000.000000 0.000000 3142.927595 862.805172 9310.344828 
2000.000000 0.000000 3043.062171 904.184483 9310.344828 
2000.000000 0.000000 2965.599533 945.563793 9310.344828 
2000.000000 0.000000 2950.638227 986.943103 9310.344828 
2000.000000 0.000000 2945.606651 1028.322414 9310.344828 
2000.000000 0.000000 2937.205915 1069.701724 9310.344828 
2000.000000 0.000000 2929.908311 1111.081034 9310.344828 
2000.000000 0.000000 2919.005967 1152.460345 9310.344828 
2000.000000 0.000000 2901.525939 1193.839655 9310.344828 
2000.000000 0.000000 2874.391439 1235.218966 9310.344828 
2000.000000 0.000000 2836.747011 1276.598276 9310.344828 
2000.000000 0.000000 2793.615096 1317.977586 9310.344828 
2000.000000 0.000000 2761.825295 1359.356897 9310.344828 
2000.000000 0.000000 2743.872995 1400.736207 9310.344828 
2000.000000 0.000000 2724.481134 1442.115517 9310.344828 
2000.000000 0.000000 2703.404233 1483.494828 9310.344828 
2000.000000 0.000000 2680.328295 1524.874138 9310.344828 
2000.000000 0.000000 2654.659022 1566.253448 9310.344828 
2000.000000 0.000000 2636.208147 1607.632759 9310.344828 
2000.000000 0.000000 2623.607139 1649.012069 9310.344828 
2000.000000 0.000000 2612.515615 1690.391379 9310.344828 
2000.000000 0.000000 2601.350940 1731.770690 9310.344828 
2000.000000 0.000000 2590.117158 1773.150000 9310.344828 
2000.000000 0.000000 2578.883375 1814.529310 9310.344828 
2000.000000 0.000000 2567.649593 1855.908621 9310.344828 
2000.000000 0.000000 2556.415810 1897.287931 9310.344828 
2000.000000 0.000000 2545.182028 1938.667241 9310.344828 
2000.000000 0.000000 3183.527871 573.150000 10862.068966 
2000.000000 0.000000 3179.637847 614.529310 10862.068966 
2000.000000 0.000000 3176.233873 655.908621 10862.068966 
2000.000000 0.000000 3197.453879 697.287931 10862.068966 
2000.000000 0.000000 3206.277814 738.667241 10862.068966 
2000.000000 0.000000 3186.883162 780.046552 10862.068966 
2000.000000 0.000000 3176.488026 821.425862 10862.068966 
2000.000000 0.000000 3168.709367 862.805172 10862.068966 
2000.000000 0.000000 3103.579855 904.184483 10862.068966 
2000.000000 0.000000 3000.054493 945.563793 10862.068966 
2000.000000 0.000000 2993.192232 986.943103 10862.068966 
2000.000000 0.000000 2989.473268 1028.322414 10862.068966 
2000.000000 0.000000 2985.340413 1069.701724 10862.068966 
2000.000000 0.000000 2973.026183 1111.081034 10862.068966 
2000.000000 0.000000 2954.476715 1152.460345 10862.068966 
2000.000000 0.000000 2938.278176 1193.839655 10862.068966 
2000.000000 0.000000 2914.728962 1235.218966 10862.068966 
2000.000000 0.000000 2881.120087 1276.598276 10862.068966 
2000.000000 0.000000 2836.017005 1317.977586 10862.068966 
2000.000000 0.000000 2788.092394 1359.356897 10862.068966 
2000.000000 0.000000 2764.442137 1400.736207 10862.068966 
2000.000000 0.000000 2745.706255 1442.115517 10862.068966 
2000.000000 0.000000 2725.536744 1483.494828 10862.068966 
2000.000000 0.000000 2703.568952 1524.874138 10862.068966 
2000.000000 0.000000 2679.260863 1566.253448 10862.068966 
2000.000000 0.000000 2654.323346 1607.632759 10862.068966 
2000.000000 0.000000 2641.029241 1649.012069 10862.068966 
2000.000000 0.000000 2629.960140 1690.391379 10862.068966 
2000.000000 0.000000 2618.821829 1731.770690 10862.068966 
2000.000000 0.000000 2607.617650 1773.150000 10862.068966 
2000.000000 0.000000 2596.413471 1814.529310 10862.068966 
2000.000000 0.000000 2585.209292 1855.908621 10862.068966 
2000.000000 0.000000 2574.005114 1897.287931 10862.068966 
2000.000000 0.000000 2562.800935 1938.667241 10862.068966 
2000.000000 0.000000 3189.079487 573.150000 12413.793103 
2000.000000 0.000000 3185.236089 614.529310 12413.793103 
2000.000000 0.000000 3197.131863 655.908621 12413.793103 
2000.000000 0.000000 3198.953499 697.287931 12413.793103 
2000.000000 0.000000 3199.809538 738.667241 12413.793103 
2000.000000 0.000000 3201.062520 780.046552 12413.793103 
2000.000000 0.000000 3207.398762 821.425862 12413.793103 
2000.000000 0.000000 3213.475097 862.805172 12413.793103 
2000.000000 0.000000 3198.432358 904.184483 12413.793103 
2000.000000 0.000000 3043.312810 945.563793 12413.793103 
2000.000000 0.000000 3040.377141 986.943103 12413.793103 
2000.000000 0.000000 3031.865013 1028.322414 12413.793103 
2000.000000 0.000000 3023.534991 1069.701724 12413.793103 
2000.000000 0.000000 3013.171760 1111.081034 12413.793103 
2000.000000 0.000000 3000.487981 1152.460345 12413.793103 
2000.000000 0.000000 2980.479024 1193.839655 12413.793103 
2000.000000 0.000000 2949.547726 1235.218966 12413.793103 
2000.000000 0.000000 2914.229242 1276.598276 12413.793103 
2000.000000 0.000000 2872.749257 1317.977586 12413.793103 
2000.000000 0.000000 2826.400550 1359.356897 12413.793103 
2000.000000 0.000000 2784.130456 1400.736207 12413.793103 
2000.000000 0.000000 2765.907944 1442.115517 12413.793103 
2000.000000 0.000000 2746.511472 1483.494828 12413.793103 
2000.000000 0.000000 2725.486162 1524.874138 12413.793103 
2000.000000 0.000000 2702.346460 1566.253448 12413.793103 
2000.000000 0.000000 2676.667927 1607.632759 12413.793103 
2000.000000 0.000000 2659.436484 1649.012069 12413.793103 
2000.000000 0.000000 2646.601419 1690.391379 12413.793103 
2000.000000 0.000000 2635.486019 1731.770690 12413.793103 
2000.000000 0.000000 2624.307595 1773.150000 12413.793103 
2000.000000 0.000000 2613.129171 1814.529310 12413.793103 
2000.000000 0.000000 2601.950747 1855.908621 12413.793103 
2000.000000 0.000000 2590.772322 1897.287931 12413.793103 
2000.000000 0.000000 2579.593898 1938.667241 12413.793103 
2000.000000 0.000000 3200.716952 573.150000 13965.517241 
2000.000000 0.000000 3192.890217 614.529310 13965.517241 
2000.000000 0.000000 3203.083202 655.908621 13965.517241 
2000.000000 0.000000 3198.505102 697.287931 13965.517241 
2000.000000 0.000000 3200.767161 738.667241 13965.517241 
2000.000000 0.000000 3291.376884 780.046552 13965.517241 
2000.000000 0.000000 3294.417689 821.425862 13965.517241 
2000.000000 0.000000 3290.594366 862.805172 13965.517241 
2000.000000 0.000000 3292.123440 904.184483 13965.517241 
2000.000000 0.000000 3092.052457 945.563793 13965.517241 
2000.000000 0.000000 3080.106897 986.943103 13965.517241 
2000.000000 0.000000 3069.503984 1028.322414 13965.517241 
2000.000000 0.000000 3059.519977 1069.701724 13965.517241 
2000.000000 0.000000 3045.796522 1111.081034 13965.517241 
2000.000000 0.000000 3025.755700 1152.460345 13965.517241 
2000.000000 0.000000 3003.940320 1193.839655 13965.517241 
2000.000000 0.000000 2978.928778 1235.218966 13965.517241 
2000.000000 0.000000 2949.054506 1276.598276 13965.517241 
2000.000000 0.000000 2913.018806 1317.977586 13965.517241 
2000.000000 0.000000 2870.509249 1359.356897 13965.517241 
2000.000000 0.000000 2821.686966 1400.736207 13965.517241 
2000.000000 0.000000 2785.724697 1442.115517 13965.517241 
2000.000000 0.000000 2766.865166 1483.494828 13965.517241 
2000.000000 0.000000 2746.296934 1524.874138 13965.517241 
2000.000000 0.000000 2724.157690 1566.253448 13965.517241 
2000.000000 0.000000 2699.716327 1607.632759 13965.517241 
2000.000000 0.000000 2675.957167 1649.012069 13965.517241 
2000.000000 0.000000 2662.524497 1690.391379 13965.517241 
2000.000000 0.000000 2651.429281 1731.770690 13965.517241 
2000.000000 0.000000 2640.273538 1773.150000 13965.517241 
2000.000000 0.000000 2629.117796 1814.529310 13965.517241 
2000.000000 0.000000 2617.962054 1855.908621 13965.517241 
2000.000000 0.000000 2606.806312 1897.287931 13965.517241 
2000.000000 0.000000 2595.650569 1938.667241 13965.517241 
2000.000000 0.000000 3246.723961 573.150000 15517.241379 
2000.000000 0.000000 3243.810172 614.529310 15517.241379 
2000.000000 0.000000 3258.142631 655.908621 15517.241379 
2000.000000 0.000000 3228.607609 697.287931 15517.241379 
2000.000000 0.000000 3234.318917 738.667241 15517.241379 
2000.000000 0.000000 3343.330380 780.046552 15517.241379 
2000.000000 0.000000 3376.493180 821.425862 15517.241379 
2000.000000 0.000000 3375.366970 862.805172 15517.241379 
2000.000000 0.000000 3370.449818 904.184483 15517.241379 
2000.000000 0.000000 3155.078241 945.563793 15517.241379 
2000.000000 0.000000 3118.772019 986.943103 15517.241379 
2000.000000 0.000000 3106.576361 1028.322414 15517.241379 
2000.000000 0.000000 3086.395673 1069.701724 15517.241379 
2000.000000 0.000000 3065.777988 1111.081034 15517.241379 
2000.000000 0.000000 3045.533365 1152.460345 15517.241379 
2000.000000 0.000000 3024.235800 1193.839655 15517.241379 
2000.000000 0.000000 3000.637498 1235.218966 15517.241379 
2000.000000 0.000000 2973.280873 1276.598276 15517.241379 
2000.000000 0.000000 2940.657946 1317.977586 15517.241379 
2000.000000 0.000000 2902.547579 1359.356897 15517.241379 
2000.000000 0.000000 2863.279879 1400.736207 15517.241379 
2000.000000 0.000000 2816.327855 1442.115517 15517.241379 
2000.000000 0.000000 2787.082031 1483.494828 15517.241379 
2000.000000 0.000000 2766.714656 1524.874138 15517.241379 
2000.000000 0.000000 2744.901053 1566.253448 15517.241379 
2000.000000 0.000000 2721.523888 1607.632759 15517.241379 
2000.000000 0.000000 2695.640428 1649.012069 15517.241379 
2000.000000 0.000000 2678.609755 1690.391379 15517.241379 
2000.000000 0.000000 2666.723363 1731.770690 15517.241379 
2000.000000 0.000000 2655.587822 1773.150000 15517.241379 
2000.000000 0.000000 2644.452281 1814.529310 15517.241379 
2000.000000 0.000000 2633.316739 1855.908621 15517.241379 
2000.000000 0.000000 2622.181198 1897.287931 15517.241379 
2000.000000 0.000000 2611.045657 1938.667241 15517.241379 
2000.000000 0.000000 3285.341152 573.150000 17068.965517 
2000.000000 0.000000 3262.385748 614.529310 17068.965517 
2000.000000 0.000000 3281.954477 655.908621 17068.965517 
2000.000000 0.000000 3251.573480 697.287931 17068.965517 
2000.000000 0.000000 3265.992777 738.667241 17068.965517 
2000.000000 0.000000 3375.353725 780.046552 17068.965517 
2000.000000 0.000000 3419.183909 821.425862 17068.965517 
2000.000000 0.000000 3425.623021 862.805172 17068.965517 
2000.000000 0.000000 3427.152249 904.184483 17068.965517 
2000.000000 0.000000 3429.228354 945.563793 17068.965517 
2000.000000 0.000000 3157.452564 986.943103 17068.965517 
2000.000000 0.000000 3137.288306 1028.322414 17068.965517 
2000.000000 0.000000 3110.618294 1069.701724 17068.965517 
2000.000000 0.000000 3086.012998 1111.081034 17068.965517 
2000.000000 0.000000 3065.234541 1152.460345 17068.965517 
2000.000000 0.000000 3043.996093 1193.839655 17068.965517 
2000.000000 0.000000 3021.197146 1235.218966 17068.965517 
2000.000000 0.000000 2995.563461 1276.598276 17068.965517 
2000.000000 0.000000 2965.670680 1317.977586 17068.965517 
2000.000000 0.000000 2930.486124 1359.356897 17068.965517 
2000.000000 0.000000 2891.511031 1400.736207 17068.965517 
2000.000000 0.000000 2854.989617 1442.115517 17068.965517 
2000.000000 0.000000 2810.884835 1483.494828 17068.965517 
2000.000000 0.000000 2787.179126 1524.874138 17068.965517 
2000.000000 0.000000 2765.415014 1566.253448 17068.965517 
2000.000000 0.000000 2742.290828 1607.632759 17068.965517 
2000.000000 0.000000 2717.543392 1649.012069 17068.965517 
2000.000000 0.000000 2695.003093 1690.391379 17068.965517 
2000.000000 0.000000 2681.429020 1731.770690 17068.965517 
2000.000000 0.000000 2670.311648 1773.150000 17068.965517 
2000.000000 0.000000 2659.194276 1814.529310 17068.965517 
2000.000000 0.000000 2648.076905 1855.908621 17068.965517 
2000.000000 0.000000 2636.959533 1897.287931 17068.965517 
2000.000000 0.000000 2625.842161 1938.667241 17068.965517 
2000.000000 0.000000 3273.705543 573.150000 18620.689655 
2000.000000 0.000000 3269.459431 614.529310 18620.689655 
2000.000000 0.000000 3292.022890 655.908621 18620.689655 
2000.000000 0.000000 3290.325449 697.287931 18620.689655 
2000.000000 0.000000 3288.344233 738.667241 18620.689655 
2000.000000 0.000000 3392.196600 780.046552 18620.689655 
2000.000000 0.000000 3443.132060 821.425862 18620.689655 
2000.000000 0.000000 3460.638365 862.805172 18620.689655 
2000.000000 0.000000 3468.933270 904.184483 18620.689655 
2000.000000 0.000000 3478.908071 945.563793 18620.689655 
2000.000000 0.000000 3188.350014 986.943103 18620.689655 
2000.000000 0.000000 3161.350459 1028.322414 18620.689655 
2000.000000 0.000000 3134.579040 1069.701724 18620.689655 
2000.000000 0.000000 3108.082161 1111.081034 18620.689655 
2000.000000 0.000000 3085.055534 1152.460345 18620.689655 
2000.000000 0.000000 3063.552488 1193.839655 18620.689655 
2000.000000 0.000000 3041.085881 1235.218966 18620.689655 
2000.000000 0.000000 3016.541885 1276.598276 18620.689655 
2000.000000 0.000000 2988.651592 1317.977586 18620.689655 
2000.000000 0.000000 2956.178423 1359.356897 18620.689655 
2000.000000 0.000000 2919.051421 1400.736207 18620.689655 
2000.000000 0.000000 2880.846820 1442.115517 18620.689655 
2000.000000 0.000000 2848.058348 1483.494828 18620.689655 
2000.000000 0.000000 2806.539129 1524.874138 18620.689655 
2000.000000 0.000000 2786.061133 1566.253448 18620.689655 
2000.000000 0.000000 2762.976053 1607.632759 18620.689655 
2000.000000 0.000000 2738.422476 1649.012069 18620.689655 
2000.000000 0.000000 2712.159736 1690.391379 18620.689655 
2000.000000 0.000000 2695.598229 1731.770690 18620.689655 
2000.000000 0.000000 2684.497366 1773.150000 18620.689655 
2000.000000 0.000000 2673.396502 1814.529310 18620.689655 
2000.000000 0.000000 2662.295639 1855.908621 18620.689655 
2000.000000 0.000000 2651.194775 1897.287931 18620.689655 
2000.000000 0.000000 2640.093912 1938.667241 18620.689655 
2000.000000 0.000000 3331.666350 573.150000 20172.413793 
2000.000000 0.000000 3300.635802 614.529310 20172.413793 
2000.000000 0.000000 3301.593697 655.908621 20172.413793 
2000.000000 0.000000 3299.512439 697.287931 20172.413793 
2000.000000 0.000000 3297.213778 738.667241 20172.413793 
2000.000000 0.000000 3387.740628 780.046552 20172.413793 
2000.000000 0.000000 3462.618640 821.425862 20172.413793 
2000.000000 0.000000 3477.122950 862.805172 20172.413793 
2000.000000 0.000000 3490.009367 904.184483 20172.413793 
2000.000000 0.000000 3484.927069 945.563793 20172.413793 
2000.000000 0.000000 3479.879038 986.943103 20172.413793 
2000.000000 0.000000 3183.810392 1028.322414 20172.413793 
2000.000000 0.000000 3157.689529 1069.701724 20172.413793 
2000.000000 0.000000 3131.168787 1111.081034 20172.413793 
2000.000000 0.000000 3105.019630 1152.460345 20172.413793 
2000.000000 0.000000 3083.096603 1193.839655 20172.413793 
2000.000000 0.000000 3060.638117 1235.218966 20172.413793 
2000.000000 0.000000 3036.703217 1276.598276 20172.413793 
2000.000000 0.000000 3010.186978 1317.977586 20172.413793 
2000.000000 0.000000 2979.893640 1359.356897 20172.413793 
2000.000000 0.000000 2945.067356 1400.736207 20172.413793 
2000.000000 0.000000 2907.130304 1442.115517 20172.413793 
2000.000000 0.000000 2871.318589 1483.494828 20172.413793 
2000.000000 0.000000 2842.219838 1524.874138 20172.413793 
2000.000000 0.000000 2805.404208 1566.253448 20172.413793 
2000.000000 0.000000 2783.744816 1607.632759 20172.413793 
2000.000000 0.000000 2759.385436 1649.012069 20172.413793 
2000.000000 0.000000 2733.239972 1690.391379 20172.413793 
2000.000000 0.000000 2710.702074 1731.770690 20172.413793 
2000.000000 0.000000 2698.190147 1773.150000 20172.413793 
2000.000000 0.000000 2685.678221 1814.529310 20172.413793 
2000.000000 0.000000 2673.166294 1855.908621 20172.413793 
2000.000000 0.000000 2660.654367 1897.287931 20172.413793 
2000.000000 0.000000 2648.142441 1938.667241 20172.413793 
2000.000000 0.000000 3349.616945 573.150000 21724.137931 
2000.000000 0.000000 3312.878891 614.529310 21724.137931 
2000.000000 0.000000 3310.626563 655.908621 21724.137931 
2000.000000 0.000000 3314.232247 697.287931 21724.137931 
2000.000000 0.000000 3311.374276 738.667241 21724.137931 
2000.000000 0.000000 3386.100291 780.046552 21724.137931 
2000.000000 0.000000 3467.474951 821.425862 21724.137931 
2000.000000 0.000000 3489.424471 862.805172 21724.137931 
2000.000000 0.000000 3495.796882 904.184483 21724.137931 
2000.000000 0.000000 3490.744348 945.563793 21724.137931 
2000.000000 0.000000 3485.722598 986.943103 21724.137931 
2000.000000 0.000000 3228.162778 1028.322414 21724.137931 
2000.000000 0.000000 3179.387383 1069.701724 21724.137931 
2000.000000 0.000000 3153.491792 1111.081034 21724.137931 
2000.000000 0.000000 3127.070564 1152.460345 21724.137931 
2000.000000 0.000000 3102.663066 1193.839655 21724.137931 
2000.000000 0.000000 3080.048781 1235.218966 21724.137931 
2000.000000 0.000000 3056.391346 1276.598276 21724.137931 
2000.000000 0.000000 3030.758085 1317.977586 21724.137931 
2000.000000 0.000000 3002.082038 1359.356897 21724.137931 
2000.000000 0.000000 2969.395692 1400.736207 21724.137931 
2000.000000 0.000000 2932.849940 1442.115517 21724.137931 
2000.000000 0.000000 2895.623331 1483.494828 21724.137931 
2000.000000 0.000000 2863.268040 1524.874138 21724.137931 
2000.000000 0.000000 2834.166250 1566.253448 21724.137931 
2000.000000 0.000000 2803.147805 1607.632759 21724.137931 
2000.000000 0.000000 2780.224375 1649.012069 21724.137931 
2000.000000 0.000000 2754.612058 1690.391379 21724.137931 
2000.000000 0.000000 2726.673941 1731.770690 21724.137931 
2000.000000 0.000000 2711.429314 1773.150000 21724.137931 
2000.000000 0.000000 2696.184687 1814.529310 21724.137931 
2000.000000 0.000000 2680.940060 1855.908621 21724.137931 
2000.000000 0.000000 2665.695433 1897.287931 21724.137931 
2000.000000 0.000000 2650.450806 1938.667241 21724.137931 
2000.000000 0.000000 3356.531584 573.150000 23275.862069 
2000.000000 0.000000 3352.098296 614.529310 23275.862069 
2000.000000 0.000000 3325.172127 655.908621 23275.862069 
2000.000000 0.000000 3322.242332 697.287931 23275.862069 
2000.000000 0.000000 3319.191727 738.667241 23275.862069 
2000.000000 0.000000 3386.565005 780.046552 23275.862069 
2000.000000 0.000000 3464.315804 821.425862 23275.862069 
2000.000000 0.000000 3501.059409 862.805172 23275.862069 
2000.000000 0.000000 3501.435561 904.184483 23275.862069 
2000.000000 0.000000 3496.410830 945.563793 23275.862069 
2000.000000 0.000000 3491.414641 986.943103 23275.862069 
2000.000000 0.000000 3486.462433 1028.322414 23275.862069 
2000.000000 0.000000 3199.330444 1069.701724 23275.862069 
2000.000000 0.000000 3174.570728 1111.081034 23275.862069 
2000.000000 0.000000 3148.744999 1152.460345 23275.862069 
2000.000000 0.000000 3122.263310 1193.839655 23275.862069 
2000.000000 0.000000 3099.367015 1235.218966 23275.862069 
2000.000000 0.000000 3075.811523 1276.598276 23275.862069 
2000.000000 0.000000 3050.717876 1317.977586 23275.862069 
2000.000000 0.000000 3023.180742 1359.356897 23275.862069 
2000.000000 0.000000 2992.244746 1400.736207 23275.862069 
2000.000000 0.000000 2957.449513 1442.115517 23275.862069 
2000.000000 0.000000 2920.280433 1483.494828 23275.862069 
2000.000000 0.000000 2885.291467 1524.874138 23275.862069 
2000.000000 0.000000 2856.586760 1566.253448 23275.862069 
2000.000000 0.000000 2826.093289 1607.632759 23275.862069 
2000.000000 0.000000 2799.760733 1649.012069 23275.862069 
2000.000000 0.000000 2775.475508 1690.391379 23275.862069 
2000.000000 0.000000 2748.608531 1731.770690 23275.862069 
2000.000000 0.000000 2724.249335 1773.150000 23275.862069 
2000.000000 0.000000 2699.890139 1814.529310 23275.862069 
2000.000000 0.000000 2675.530943 1855.908621 23275.862069 
2000.000000 0.000000 2651.171747 1897.287931 23275.862069 
2000.000000 0.000000 2626.812551 1938.667241 23275.862069 
2000.000000 0.000000 3362.552583 573.150000 24827.586207 
2000.000000 0.000000 3358.106071 614.529310 24827.586207 
2000.000000 0.000000 3340.760712 655.908621 24827.586207 
2000.000000 0.000000 3349.358885 697.287931 24827.586207 
2000.000000 0.000000 3326.598684 738.667241 24827.586207 
2000.000000 0.000000 3388.622439 780.046552 24827.586207 
2000.000000 0.000000 3464.156346 821.425862 24827.586207 
2000.000000 0.000000 3511.967174 862.805172 24827.586207 
2000.000000 0.000000 3506.956347 904.184483 24827.586207 
2000.000000 0.000000 3501.957968 945.563793 24827.586207 
2000.000000 0.000000 3496.986191 986.943103 24827.586207 
2000.000000 0.000000 3492.056705 1028.322414 24827.586207 
2000.000000 0.000000 3307.888220 1069.701724 24827.586207 
2000.000000 0.000000 3194.090705 1111.081034 24827.586207 
2000.000000 0.000000 3169.316554 1152.460345 24827.586207 
2000.000000 0.000000 3143.419657 1193.839655 24827.586207 
2000.000000 0.000000 3118.498536 1235.218966 24827.586207 
2000.000000 0.000000 3095.030077 1276.598276 24827.586207 
2000.000000 0.000000 3070.285758 1317.977586 24827.586207 
2000.000000 0.000000 3043.537653 1359.356897 24827.586207 
2000.000000 0.000000 3013.941846 1400.736207 24827.586207 
2000.000000 0.000000 2980.817448 1442.115517 24827.586207 
2000.000000 0.000000 2944.584078 1483.494828 24827.586207 
2000.000000 0.000000 2908.219985 1524.874138 24827.586207 
2000.000000 0.000000 2876.515008 1566.253448 24827.586207 
2000.000000 0.000000 2850.886348 1607.632759 24827.586207 
2000.000000 0.000000 2819.034715 1649.012069 24827.586207 
2000.000000 0.000000 2795.218261 1690.391379 24827.586207 
2000.000000 0.000000 2769.457955 1731.770690 24827.586207 
2000.000000 0.000000 2741.312789 1773.150000 24827.586207 
2000.000000 0.000000 2713.167622 1814.529310 24827.586207 
2000.000000 0.000000 2685.022456 1855.908621 24827.586207 
2000.000000 0.000000 2656.877289 1897.287931 24827.586207 
2000.000000 0.000000 2628.732122 1938.667241 24827.586207 
2000.000000 0.000000 3368.932354 573.150000 26379.310345 
2000.000000 0.000000 3364.001252 614.529310 26379.310345 
2000.000000 0.000000 3359.527371 655.908621 26379.310345 
2000.000000 0.000000 3341.885514 697.287931 26379.310345 
2000.000000 0.000000 3333.937138 738.667241 26379.310345 
2000.000000 0.000000 3391.907700 780.046552 26379.310345 
2000.000000 0.000000 3465.910741 821.425862 26379.310345 
2000.000000 0.000000 3517.360651 862.805172 26379.310345 
2000.000000 0.000000 3512.378121 904.184483 26379.310345 
2000.000000 0.000000 3507.405622 945.563793 26379.310345 
2000.000000 0.000000 3502.457524 986.943103 26379.310345 
2000.000000 0.000000 3497.550017 1028.322414 26379.310345 
2000.000000 0.000000 3492.680418 1069.701724 26379.310345 
2000.000000 0.000000 3279.252358 1111.081034 26379.310345 
2000.000000 0.000000 3188.493773 1152.460345 26379.310345 
2000.000000 0.000000 3163.585312 1193.839655 26379.310345 
2000.000000 0.000000 3137.460344 1235.218966 26379.310345 
2000.000000 0.000000 3113.983015 1276.598276 26379.310345 
2000.000000 0.000000 3089.547594 1317.977586 26379.310345 
2000.000000 0.000000 3063.383221 1359.356897 26379.310345 
2000.000000 0.000000 3034.796002 1400.736207 26379.310345 
2000.000000 0.000000 3003.091552 1442.115517 26379.310345 
2000.000000 0.000000 2968.130860 1483.494828 26379.310345 
2000.000000 0.000000 2931.541620 1524.874138 26379.310345 
2000.000000 0.000000 2897.399152 1566.253448 26379.310345 
2000.000000 0.000000 2869.234702 1607.632759 26379.310345 
2000.000000 0.000000 2845.704484 1649.012069 26379.310345 
2000.000000 0.000000 2814.706433 1690.391379 26379.310345 
2000.000000 0.000000 2789.482591 1731.770690 26379.310345 
2000.000000 0.000000 2762.117260 1773.150000 26379.310345 
2000.000000 0.000000 2734.751929 1814.529310 26379.310345 
2000.000000 0.000000 2707.386599 1855.908621 26379.310345 
2000.000000 0.000000 2680.021268 1897.287931 26379.310345 
2000.000000 0.000000 2652.655938 1938.667241 26379.310345 
2000.000000 0.000000 3379.880035 573.150000 27931.034483 
2000.000000 0.000000 3375.773660 614.529310 27931.034483 
2000.000000 0.000000 3371.370830 655.908621 27931.034483 
2000.000000 0.000000 3367.197945 697.287931 27931.034483 
2000.000000 0.000000 3362.934679 738.667241 27931.034483 
2000.000000 0.000000 3344.970612 780.046552 27931.034483 
2000.000000 0.000000 3469.248917 821.425862 27931.034483 
2000.000000 0.000000 3520.780093 862.805172 27931.034483 
2000.000000 0.000000 3517.712531 904.184483 27931.034483 
2000.000000 0.000000 3512.766441 945.563793 27931.034483 
2000.000000 0.000000 3507.842013 986.943103 27931.034483 
2000.000000 0.000000 3502.956095 1028.322414 27931.034483 
2000.000000 0.000000 3498.108524 1069.701724 27931.034483 
2000.000000 0.000000 3365.850705 1111.081034 27931.034483 
2000.000000 0.000000 3247.622812 1152.460345 27931.034483 
2000.000000 0.000000 3182.492367 1193.839655 27931.034483 
2000.000000 0.000000 3157.322433 1235.218966 27931.034483 
2000.000000 0.000000 3132.506555 1276.598276 27931.034483 
2000.000000 0.000000 3108.466784 1317.977586 27931.034483 
2000.000000 0.000000 3082.822607 1359.356897 27931.034483 
2000.000000 0.000000 3055.033556 1400.736207 27931.034483 
2000.000000 0.000000 3024.488197 1442.115517 27931.034483 
2000.000000 0.000000 2990.815677 1483.494828 27931.034483 
2000.000000 0.000000 2954.738039 1524.874138 27931.034483 
2000.000000 0.000000 2919.141110 1566.253448 27931.034483 
2000.000000 0.000000 2888.200699 1607.632759 27931.034483 
2000.000000 0.000000 2863.086878 1649.012069 27931.034483 
2000.000000 0.000000 2837.595884 1690.391379 27931.034483 
2000.000000 0.000000 2809.258475 1731.770690 27931.034483 
2000.000000 0.000000 2782.504681 1773.150000 27931.034483 
2000.000000 0.000000 2755.750888 1814.529310 27931.034483 
2000.000000 0.000000 2728.997094 1855.908621 27931.034483 
2000.000000 0.000000 2702.243301 1897.287931 27931.034483 
2000.000000 0.000000 2675.489507 1938.667241 27931.034483 
2000.000000 0.000000 3385.364437 573.150000 29482.758621 
2000.000000 0.000000 3381.051041 614.529310 29482.758621 
2000.000000 0.000000 3376.722236 655.908621 29482.758621 
2000.000000 0.000000 3372.609368 697.287931 29482.758621 
2000.000000 0.000000 3364.318624 738.667241 29482.758621 
2000.000000 0.000000 3382.611023 780.046552 29482.758621 
2000.000000 0.000000 3498.662767 821.425862 29482.758621 
2000.000000 0.000000 3546.428270 862.805172 29482.758621 
2000.000000 0.000000 3551.002289 904.184483 29482.758621 
2000.000000 0.000000 3546.384641 945.563793 29482.758621 
2000.000000 0.000000 3541.802413 986.943103 29482.758621 
2000.000000 0.000000 3508.284338 1028.322414 29482.758621 
2000.000000 0.000000 3503.458221 1069.701724 29482.758621 
2000.000000 0.000000 3498.647155 1111.081034 29482.758621 
2000.000000 0.000000 3355.144819 1152.460345 29482.758621 
2000.000000 0.000000 3213.283861 1193.839655 29482.758621 
2000.000000 0.000000 3176.033857 1235.218966 29482.758621 
2000.000000 0.000000 3150.450680 1276.598276 29482.758621 
2000.000000 0.000000 3126.914031 1317.977586 29482.758621 
2000.000000 0.000000 3101.844483 1359.356897 29482.758621 
2000.000000 0.000000 3074.772478 1400.736207 29482.758621 
2000.000000 0.000000 3045.198652 1442.115517 29482.758621 
2000.000000 0.000000 3012.702405 1483.494828 29482.758621 
2000.000000 0.000000 2977.489369 1524.874138 29482.758621 
2000.000000 0.000000 2941.370219 1566.253448 29482.758621 
2000.000000 0.000000 2908.064180 1607.632759 29482.758621 
2000.000000 0.000000 2880.594796 1649.012069 29482.758621 
2000.000000 0.000000 2857.605390 1690.391379 29482.758621 
2000.000000 0.000000 2828.909134 1731.770690 29482.758621 
2000.000000 0.000000 2802.647267 1773.150000 29482.758621 
2000.000000 0.000000 2776.385400 1814.529310 29482.758621 
2000.000000 0.000000 2750.123533 1855.908621 29482.758621 
2000.000000 0.000000 2723.861667 1897.287931 29482.758621 
2000.000000 0.000000 2697.599800 1938.667241 29482.758621 
2000.000000 0.000000 3407.019026 573.150000 31034.482759 
2000.000000 0.000000 3386.277082 614.529310 31034.482759 
2000.000000 0.000000 3382.024977 655.908621 31034.482759 
2000.000000 0.000000 3377.878406 697.287931 31034.482759 
2000.000000 0.000000 3395.187283 738.667241 31034.482759 
2000.000000 0.000000 3389.800061 780.046552 31034.482759 
2000.000000 0.000000 3517.680849 821.425862 31034.482759 
2000.000000 0.000000 3545.529579 862.805172 31034.482759 
2000.000000 0.000000 3555.571938 904.184483 31034.482759 
2000.000000 0.000000 3550.973471 945.563793 31034.482759 
2000.000000 0.000000 3546.404871 986.943103 31034.482759 
2000.000000 0.000000 3541.886624 1028.322414 31034.482759 
2000.000000 0.000000 3537.425480 1069.701724 31034.482759 
2000.000000 0.000000 3533.003473 1111.081034 31034.482759 
2000.000000 0.000000 3428.370167 1152.460345 31034.482759 
2000.000000 0.000000 3364.708699 1193.839655 31034.482759 
2000.000000 0.000000 3198.389257 1235.218966 31034.482759 
2000.000000 0.000000 3169.049002 1276.598276 31034.482759 
2000.000000 0.000000 3144.714662 1317.977586 31034.482759 
2000.000000 0.000000 3120.348512 1359.356897 31034.482759 
2000.000000 0.000000 3094.022543 1400.736207 31034.482759 
2000.000000 0.000000 3065.337008 1442.115517 31034.482759 
2000.000000 0.000000 3033.902641 1483.494828 31034.482759 
2000.000000 0.000000 2999.673146 1524.874138 31034.482759 
2000.000000 0.000000 2963.689337 1566.253448 31034.482759 
2000.000000 0.000000 2928.795877 1607.632759 31034.482759 
2000.000000 0.000000 2898.671314 1649.012069 31034.482759 
2000.000000 0.000000 2874.246093 1690.391379 31034.482759 
2000.000000 0.000000 2852.370619 1731.770690 31034.482759 
2000.000000 0.000000 2822.667240 1773.150000 31034.482759 
2000.000000 0.000000 2792.963860 1814.529310 31034.482759 
2000.000000 0.000000 2763.260481 1855.908621 31034.482759 
2000.000000 0.000000 2733.557102 1897.287931 31034.482759 
2000.000000 0.000000 2703.853722 1938.667241 31034.482759 
2000.000000 0.000000 3412.561463 573.150000 32586.206897 
2000.000000 0.000000 3408.660575 614.529310 32586.206897 
2000.000000 0.000000 3404.727896 655.908621 32586.206897 
2000.000000 0.000000 3383.001345 697.287931 32586.206897 
2000.000000 0.000000 3401.799723 738.667241 32586.206897 
2000.000000 0.000000 3396.751092 780.046552 32586.206897 
2000.000000 0.000000 3520.472390 821.425862 32586.206897 
2000.000000 0.000000 3545.311840 862.805172 32586.206897 
2000.000000 0.000000 3560.078961 904.184483 32586.206897 
2000.000000 0.000000 3555.502598 945.563793 32586.206897 
2000.000000 0.000000 3550.950329 986.943103 32586.206897 
2000.000000 0.000000 3546.442883 1028.322414 32586.206897 
2000.000000 0.000000 3541.988667 1069.701724 32586.206897 
2000.000000 0.000000 3537.572019 1111.081034 32586.206897 
2000.000000 0.000000 3533.174454 1152.460345 32586.206897 
2000.000000 0.000000 3432.244285 1193.839655 32586.206897 
2000.000000 0.000000 3366.605964 1235.218966 32586.206897 
2000.000000 0.000000 3191.680010 1276.598276 32586.206897 
2000.000000 0.000000 3163.080757 1317.977586 32586.206897 
2000.000000 0.000000 3138.188548 1359.356897 32586.206897 
2000.000000 0.000000 3112.707609 1400.736207 32586.206897 
2000.000000 0.000000 3084.924466 1442.115517 32586.206897 
2000.000000 0.000000 3054.497763 1483.494828 32586.206897 
2000.000000 0.000000 3021.277112 1524.874138 32586.206897 
2000.000000 0.000000 2985.820093 1566.253448 32586.206897 
2000.000000 0.000000 2950.127148 1607.632759 32586.206897 
2000.000000 0.000000 2917.630730 1649.012069 32586.206897 
2000.000000 0.000000 2890.948399 1690.391379 32586.206897 
2000.000000 0.000000 2868.699233 1731.770690 32586.206897 
2000.000000 0.000000 2843.107355 1773.150000 32586.206897 
2000.000000 0.000000 2817.515477 1814.529310 32586.206897 
2000.000000 0.000000 2791.923600 1855.908621 32586.206897 
2000.000000 0.000000 2766.331722 1897.287931 32586.206897 
2000.000000 0.000000 2740.739844 1938.667241 32586.206897 
2000.000000 0.000000 3417.983884 573.150000 34137.931034 
2000.000000 0.000000 3413.987154 614.529310 34137.931034 
2000.000000 0.000000 3409.996562 655.908621 34137.931034 
2000.000000 0.000000 3411.802604 697.287931 34137.931034 
2000.000000 0.000000 3408.314920 738.667241 34137.931034 
2000.000000 0.000000 3403.519618 780.046552 34137.931034 
2000.000000 0.000000 3397.168408 821.425862 34137.931034 
2000.000000 0.000000 3545.666980 862.805172 34137.931034 
2000.000000 0.000000 3564.526270 904.184483 34137.931034 
2000.000000 0.000000 3559.974964 945.563793 34137.931034 
2000.000000 0.000000 3555.441895 986.943103 34137.931034 
2000.000000 0.000000 3550.947908 1028.322414 34137.931034 
2000.000000 0.000000 3546.502906 1069.701724 34137.931034 
2000.000000 0.000000 3542.093470 1111.081034 34137.931034 
2000.000000 0.000000 3537.702433 1152.460345 34137.931034 
2000.000000 0.000000 3459.535119 1193.839655 34137.931034 
2000.000000 0.000000 3435.511311 1235.218966 34137.931034 
2000.000000 0.000000 3367.002366 1276.598276 34137.931034 
2000.000000 0.000000 3184.462988 1317.977586 34137.931034 
2000.000000 0.000000 3155.275458 1359.356897 34137.931034 
2000.000000 0.000000 3130.704342 1400.736207 34137.931034 
2000.000000 0.000000 3103.902457 1442.115517 34137.931034 
2000.000000 0.000000 3074.502799 1483.494828 34137.931034 
2000.000000 0.000000 3042.313394 1524.874138 34137.931034 
2000.000000 0.000000 3007.607699 1566.253448 34137.931034 
2000.000000 0.000000 2971.734510 1607.632759 34137.931034 
2000.000000 0.000000 2937.504525 1649.012069 34137.931034 
2000.000000 0.000000 2908.196083 1690.391379 34137.931034 
2000.000000 0.000000 2884.591732 1731.770690 34137.931034 
2000.000000 0.000000 2863.536452 1773.150000 34137.931034 
2000.000000 0.000000 2842.481171 1814.529310 34137.931034 
2000.000000 0.000000 2821.425890 1855.908621 34137.931034 
2000.000000 0.000000 2800.370609 1897.287931 34137.931034 
2000.000000 0.000000 2779.315328 1938.667241 34137.931034 
2000.000000 0.000000 3423.285178 573.150000 35689.655172 
2000.000000 0.000000 3419.189108 614.529310 35689.655172 
2000.000000 0.000000 3415.150084 655.908621 35689.655172 
2000.000000 0.000000 3418.218891 697.287931 35689.655172 
2000.000000 0.000000 3414.755652 738.667241 35689.655172 
2000.000000 0.000000 3410.147964 780.046552 35689.655172 
2000.000000 0.000000 3404.195958 821.425862 35689.655172 
2000.000000 0.000000 3546.428777 862.805172 35689.655172 
2000.000000 0.000000 3565.931669 904.184483 35689.655172 
2000.000000 0.000000 3564.392688 945.563793 35689.655172 
2000.000000 0.000000 3559.881640 986.943103 35689.655172 
2000.000000 0.000000 3555.403835 1028.322414 35689.655172 
2000.000000 0.000000 3550.970443 1069.701724 35689.655172 
2000.000000 0.000000 3546.570175 1111.081034 35689.655172 
2000.000000 0.000000 3542.187227 1152.460345 35689.655172 
2000.000000 0.000000 3537.813191 1193.839655 35689.655172 
2000.000000 0.000000 3462.591074 1235.218966 35689.655172 
2000.000000 0.000000 3438.060556 1276.598276 35689.655172 
2000.000000 0.000000 3365.046034 1317.977586 35689.655172 
2000.000000 0.000000 3176.660975 1359.356897 35689.655172 
2000.000000 0.000000 3147.884218 1400.736207 35689.655172 
2000.000000 0.000000 3122.164848 1442.115517 35689.655172 
2000.000000 0.000000 3093.865086 1483.494828 35689.655172 
2000.000000 0.000000 3062.764537 1524.874138 35689.655172 
2000.000000 0.000000 3028.963696 1566.253448 35689.655172 
2000.000000 0.000000 2993.352208 1607.632759 35689.655172 
2000.000000 0.000000 2958.089314 1649.012069 35689.655172 
2000.000000 0.000000 2926.353432 1690.391379 35689.655172 
2000.000000 0.000000 2900.488524 1731.770690 35689.655172 
2000.000000 0.000000 2879.166495 1773.150000 35689.655172 
2000.000000 0.000000 2857.844466 1814.529310 35689.655172 
2000.000000 0.000000 2836.522437 1855.908621 35689.655172 
2000.000000 0.000000 2815.200408 1897.287931 35689.655172 
2000.000000 0.000000 2793.878379 1938.667241 35689.655172 
2000.000000 0.000000 3427.481485 573.150000 37241.379310 
2000.000000 0.000000 3423.588121 614.529310 37241.379310 
2000.000000 0.000000 3419.641699 655.908621 37241.379310 
2000.000000 0.000000 3424.611480 697.287931 37241.379310 
2000.000000 0.000000 3421.138406 738.667241 37241.379310 
2000.000000 0.000000 3416.668874 780.046552 37241.379310 
2000.000000 0.000000 3411.038864 821.425862 37241.379310 
2000.000000 0.000000 3547.615155 862.805172 37241.379310 
2000.000000 0.000000 3565.599445 904.184483 37241.379310 
2000.000000 0.000000 3568.757532 945.563793 37241.379310 
2000.000000 0.000000 3564.271127 986.943103 37241.379310 
2000.000000 0.000000 3559.812144 1028.322414 37241.379310 
2000.000000 0.000000 3555.392775 1069.701724 37241.379310 
2000.000000 0.000000 3551.003711 1111.081034 37241.379310 
2000.000000 0.000000 3546.630510 1152.460345 37241.379310 
2000.000000 0.000000 3542.265493 1193.839655 37241.379310 
2000.000000 0.000000 3478.331598 1235.218966 37241.379310 
2000.000000 0.000000 3465.090679 1276.598276 37241.379310 
2000.000000 0.000000 3439.731113 1317.977586 37241.379310 
2000.000000 0.000000 3359.420073 1359.356897 37241.379310 
2000.000000 0.000000 3168.172453 1400.736207 37241.379310 
2000.000000 0.000000 3139.596756 1442.115517 37241.379310 
2000.000000 0.000000 3112.487890 1483.494828 37241.379310 
2000.000000 0.000000 3082.566095 1524.874138 37241.379310 
2000.000000 0.000000 3049.809197 1566.253448 37241.379310 
2000.000000 0.000000 3014.783543 1607.632759 37241.379310 
2000.000000 0.000000 2979.097573 1649.012069 37241.379310 
2000.000000 0.000000 2945.496097 1690.391379 37241.379310 
2000.000000 0.000000 2916.947123 1731.770690 37241.379310 
2000.000000 0.000000 2894.243564 1773.150000 37241.379310 
2000.000000 0.000000 2871.540004 1814.529310 37241.379310 
2000.000000 0.000000 2848.836445 1855.908621 37241.379310 
2000.000000 0.000000 2826.132885 1897.287931 37241.379310 
2000.000000 0.000000 2803.429325 1938.667241 37241.379310 
2000.000000 0.000000 3431.607345 573.150000 38793.103448 
2000.000000 0.000000 3427.745067 614.529310 38793.103448 
2000.000000 0.000000 3423.832029 655.908621 38793.103448 
2000.000000 0.000000 3430.978676 697.287931 38793.103448 
2000.000000 0.000000 3427.474110 738.667241 38793.103448 
2000.000000 0.000000 3423.107387 780.046552 38793.103448 
2000.000000 0.000000 3417.540936 821.425862 38793.103448 
2000.000000 0.000000 3549.160964 862.805172 38793.103448 
2000.000000 0.000000 3565.788912 904.184483 38793.103448 
2000.000000 0.000000 3573.071208 945.563793 38793.103448 
2000.000000 0.000000 3568.611716 986.943103 38793.103448 
2000.000000 0.000000 3564.174017 1028.322414 38793.103448 
2000.000000 0.000000 3559.771008 1069.701724 38793.103448 
2000.000000 0.000000 3555.395187 1111.081034 38793.103448 
2000.000000 0.000000 3551.033447 1152.460345 38793.103448 
2000.000000 0.000000 3546.678860 1193.839655 38793.103448 
2000.000000 0.000000 3542.328459 1235.218966 38793.103448 
2000.000000 0.000000 3480.744047 1276.598276 38793.103448 
2000.000000 0.000000 3467.003200 1317.977586 38793.103448 
2000.000000 0.000000 3440.273621 1359.356897 38793.103448 
2000.000000 0.000000 3348.041602 1400.736207 38793.103448 
2000.000000 0.000000 3158.876420 1442.115517 38793.103448 
2000.000000 0.000000 3130.264130 1483.494828 38793.103448 
2000.000000 0.000000 3101.618462 1524.874138 38793.103448 
2000.000000 0.000000 3070.045271 1566.253448 38793.103448 
2000.000000 0.000000 3035.867681 1607.632759 38793.103448 
2000.000000 0.000000 3000.254223 1649.012069 38793.103448 
2000.000000 0.000000 2965.449700 1690.391379 38793.103448 
2000.000000 0.000000 2934.388339 1731.770690 38793.103448 
2000.000000 0.000000 2909.299361 1773.150000 38793.103448 
2000.000000 0.000000 2884.210384 1814.529310 38793.103448 
2000.000000 0.000000 2859.121406 1855.908621 38793.103448 
2000.000000 0.000000 2834.032428 1897.287931 38793.103448 
2000.000000 0.000000 2808.943451 1938.667241 38793.103448 
2000.000000 0.000000 3435.701501 573.150000 40344.827586 
2000.000000 0.000000 3431.867734 614.529310 40344.827586 
2000.000000 0.000000 3429.764389 655.908621 40344.827586 
2000.000000 0.000000 3437.315612 697.287931 40344.827586 
2000.000000 0.000000 3433.768880 738.667241 40344.827586 
2000.000000 0.000000 3429.482064 780.046552 40344.827586 
2000.000000 0.000000 3423.542261 821.425862 40344.827586 
2000.000000 0.000000 3551.007587 862.805172 40344.827586 
2000.000000 0.000000 3566.429150 904.184483 40344.827586 
2000.000000 0.000000 3577.335498 945.563793 40344.827586 
2000.000000 0.000000 3572.904786 986.943103 40344.827586 
2000.000000 0.000000 3568.490535 1028.322414 40344.827586 
2000.000000 0.000000 3564.106062 1069.701724 40344.827586 
2000.000000 0.000000 3559.745461 1111.081034 40344.827586 
2000.000000 0.000000 3555.396902 1152.460345 40344.827586 
2000.000000 0.000000 3551.054196 1193.839655 40344.827586 
2000.000000 0.000000 3546.714858 1235.218966 40344.827586 
2000.000000 0.000000 3491.996770 1276.598276 40344.827586 
2000.000000 0.000000 3482.673815 1317.977586 40344.827586 
2000.000000 0.000000 3468.258624 1359.356897 40344.827586 
2000.000000 0.000000 3439.289235 1400.736207 40344.827586 
2000.000000 0.000000 3327.778092 1442.115517 40344.827586 
2000.000000 0.000000 3148.640236 1483.494828 40344.827586 
2000.000000 0.000000 3119.814091 1524.874138 40344.827586 
2000.000000 0.000000 3089.552805 1566.253448 40344.827586 
2000.000000 0.000000 3056.449604 1607.632759 40344.827586 
2000.000000 0.000000 3021.315941 1649.012069 40344.827586 
2000.000000 0.000000 2985.929739 1690.391379 40344.827586 
2000.000000 0.000000 2952.906249 1731.770690 40344.827586 
2000.000000 0.000000 2924.995108 1773.150000 40344.827586 
2000.000000 0.000000 2897.083967 1814.529310 40344.827586 
2000.000000 0.000000 2869.172826 1855.908621 40344.827586 
2000.000000 0.000000 2841.261685 1897.287931 40344.827586 
2000.000000 0.000000 2813.350544 1938.667241 40344.827586 
2000.000000 0.000000 3439.766806 573.150000 41896.551724 
2000.000000 0.000000 3435.959315 614.529310 41896.551724 
2000.000000 0.000000 3438.264952 655.908621 41896.551724 
2000.000000 0.000000 3443.616736 697.287931 41896.551724 
2000.000000 0.000000 3440.025300 738.667241 41896.551724 
2000.000000 0.000000 3435.806040 780.046552 41896.551724 
2000.000000 0.000000 3429.404693 821.425862 41896.551724 
2000.000000 0.000000 3420.036714 862.805172 41896.551724 
2000.000000 0.000000 3567.458280 904.184483 41896.551724 
2000.000000 0.000000 3581.552325 945.563793 41896.551724 
2000.000000 0.000000 3577.151816 986.943103 41896.551724 
2000.000000 0.000000 3572.762822 1028.322414 41896.551724 
2000.000000 0.000000 3568.398835 1069.701724 41896.551724 
2000.000000 0.000000 3564.055306 1111.081034 41896.551724 
2000.000000 0.000000 3559.721595 1152.460345 41896.551724 
2000.000000 0.000000 3555.392224 1193.839655 41896.551724 
2000.000000 0.000000 3551.065188 1235.218966 41896.551724 
2000.000000 0.000000 3546.739588 1276.598276 41896.551724 
2000.000000 0.000000 3493.935699 1317.977586 41896.551724 
2000.000000 0.000000 3484.105429 1359.356897 41896.551724 
2000.000000 0.000000 3468.731522 1400.736207 41896.551724 
2000.000000 0.000000 3436.096779 1442.115517 41896.551724 
2000.000000 0.000000 3294.928953 1483.494828 41896.551724 
2000.000000 0.000000 3137.332281 1524.874138 41896.551724 
2000.000000 0.000000 3108.211582 1566.253448 41896.551724 
2000.000000 0.000000 3076.372184 1607.632759 41896.551724 
2000.000000 0.000000 3042.059634 1649.012069 41896.551724 
2000.000000 0.000000 3006.634804 1690.391379 41896.551724 
2000.000000 0.000000 2972.317379 1731.770690 41896.551724 
2000.000000 0.000000 2941.799667 1773.150000 41896.551724 
2000.000000 0.000000 2911.281954 1814.529310 41896.551724 
2000.000000 0.000000 2880.764242 1855.908621 41896.551724 
2000.000000 0.000000 2850.246529 1897.287931 41896.551724 
2000.000000 0.000000 2819.728817 1938.667241 41896.551724 
2000.000000 0.000000 3443.805564 573.150000 43448.275862 
2000.000000 0.000000 3440.022425 614.529310 43448.275862 
2000.000000 0.000000 3453.023052 655.908621 43448.275862 
2000.000000 0.000000 3449.877930 697.287931 43448.275862 
2000.000000 0.000000 3446.244281 738.667241 43448.275862 
2000.000000 0.000000 3442.088090 780.046552 43448.275862 
2000.000000 0.000000 3435.149630 821.425862 43448.275862 
2000.000000 0.000000 3426.058379 862.805172 43448.275862 
2000.000000 0.000000 3568.823120 904.184483 43448.275862 
2000.000000 0.000000 3585.723736 945.563793 43448.275862 
2000.000000 0.000000 3581.354405 986.943103 43448.275862 
2000.000000 0.000000 3576.992111 1028.322414 43448.275862 
2000.000000 0.000000 3572.650280 1069.701724 43448.275862 
2000.000000 0.000000 3568.325487 1111.081034 43448.275862 
2000.000000 0.000000 3564.008184 1152.460345 43448.275862 
2000.000000 0.000000 3559.693569 1193.839655 43448.275862 
2000.000000 0.000000 3555.380075 1235.218966 43448.275862 
2000.000000 0.000000 3551.067147 1276.598276 43448.275862 
2000.000000 0.000000 3503.009302 1317.977586 43448.275862 
2000.000000 0.000000 3495.449061 1359.356897 43448.275862 
2000.000000 0.000000 3484.988923 1400.736207 43448.275862 
2000.000000 0.000000 3468.207704 1442.115517 43448.275862 
2000.000000 0.000000 3429.468568 1483.494828 43448.275862 
2000.000000 0.000000 3247.732972 1524.874138 43448.275862 
2000.000000 0.000000 3125.923338 1566.253448 43448.275862 
2000.000000 0.000000 3095.487945 1607.632759 43448.275862 
2000.000000 0.000000 3062.275409 1649.012069 43448.275862 
2000.000000 0.000000 3027.276236 1690.391379 43448.275862 
2000.000000 0.000000 2992.310976 1731.770690 43448.275862 
2000.000000 0.000000 2959.787854 1773.150000 43448.275862 
2000.000000 0.000000 2927.264731 1814.529310 43448.275862 
2000.000000 0.000000 2894.741609 1855.908621 43448.275862 
2000.000000 0.000000 2862.218487 1897.287931 43448.275862 
2000.000000 0.000000 2829.695364 1938.667241 43448.275862 
2000.000000 0.000000 3447.819652 573.150000 45000.000000 
2000.000000 0.000000 3447.258125 614.529310 45000.000000 
2000.000000 0.000000 3459.394740 655.908621 45000.000000 
2000.000000 0.000000 3456.097952 697.287931 45000.000000 
2000.000000 0.000000 3452.427102 738.667241 45000.000000 
2000.000000 0.000000 3448.334428 780.046552 45000.000000 
2000.000000 0.000000 3440.793254 821.425862 45000.000000 
2000.000000 0.000000 3431.946910 862.805172 45000.000000 
2000.000000 0.000000 3570.478283 904.184483 45000.000000 
2000.000000 0.000000 3588.915753 945.563793 45000.000000 
2000.000000 0.000000 3585.514288 986.943103 45000.000000 
2000.000000 0.000000 3581.179755 1028.322414 45000.000000 
2000.000000 0.000000 3576.861450 1069.701724 45000.000000 
2000.000000 0.000000 3572.556845 1111.081034 45000.000000 
2000.000000 0.000000 3568.257371 1152.460345 45000.000000 
2000.000000 0.000000 3563.958837 1193.839655 45000.000000 
2000.000000 0.000000 3559.660086 1235.218966 45000.000000 
2000.000000 0.000000 3555.360890 1276.598276 45000.000000 
2000.000000 0.000000 3551.061136 1317.977586 45000.000000 
2000.000000 0.000000 3504.576103 1359.356897 45000.000000 
2000.000000 0.000000 3496.521200 1400.736207 45000.000000 
2000.000000 0.000000 3485.227366 1442.115517 45000.000000 
2000.000000 0.000000 3466.323071 1483.494828 45000.000000 
2000.000000 0.000000 3417.107763 1524.874138 45000.000000 
2000.000000 0.000000 3189.558007 1566.253448 45000.000000 
2000.000000 0.000000 3113.677720 1607.632759 45000.000000 
2000.000000 0.000000 3081.774467 1649.012069 45000.000000 
2000.000000 0.000000 3047.585077 1690.391379 45000.000000 
2000.000000 0.000000 3012.547952 1731.770690 45000.000000 
2000.000000 0.000000 2978.728526 1773.150000 45000.000000 
2000.000000 0.000000 2944.909100 1814.529310 45000.000000 
2000.000000 0.000000 2911.089675 1855.908621 45000.000000 
2000.000000 0.000000 2877.270249 1897.287931 45000.000000 
2000.000000 0.000000 2843.450823 1938.667241 45000.000000 
