5
















































573.150000
41.379310
34
0.000000
1551.724138
30
2000.000000 0.000000 2850.436616 573.150000 0.000000 
2000.000000 0.000000 2846.894077 614.529310 0.000000 
2000.000000 0.000000 2804.207429 655.908621 0.000000 
2000.000000 0.000000 2775.406537 697.287931 0.000000 
2000.000000 0.000000 2779.665572 738.667241 0.000000 
2000.000000 0.000000 2770.924217 780.046552 0.000000 
2000.000000 0.000000 2764.775583 821.425862 0.000000 
2000.000000 0.000000 2756.031531 862.805172 0.000000 
2000.000000 0.000000 2753.165416 904.184483 0.000000 
2000.000000 0.000000 2750.770768 945.563793 0.000000 
2000.000000 0.000000 2754.068639 986.943103 0.000000 
2000.000000 0.000000 2663.402782 1028.322414 0.000000 
2000.000000 0.000000 2646.441291 1069.701724 0.000000 
2000.000000 0.000000 2619.542767 1111.081034 0.000000 
2000.000000 0.000000 2589.340980 1152.460345 0.000000 
2000.000000 0.000000 2560.229571 1193.839655 0.000000 
2000.000000 0.000000 2533.802893 1235.218966 0.000000 
2000.000000 0.000000 2508.602813 1276.598276 0.000000 
2000.000000 0.000000 2483.768750 1317.977586 0.000000 
2000.000000 0.000000 2459.452264 1359.356897 0.000000 
2000.000000 0.000000 2446.411310 1400.736207 0.000000 
2000.000000 0.000000 2438.021313 1442.115517 0.000000 
2000.000000 0.000000 2429.318717 1483.494828 0.000000 
2000.000000 0.000000 2420.310335 1524.874138 0.000000 
2000.000000 0.000000 2411.001062 1566.253448 0.000000 
2000.000000 0.000000 2401.394216 1607.632759 0.000000 
2000.000000 0.000000 2391.491987 1649.012069 0.000000 
2000.000000 0.000000 2381.295468 1690.391379 0.000000 
2000.000000 0.000000 2372.430643 1731.770690 0.000000 
2000.000000 0.000000 2364.269799 1773.150000 0.000000 
2000.000000 0.000000 2356.108954 1814.529310 0.000000 
2000.000000 0.000000 2347.948109 1855.908621 0.000000 
2000.000000 0.000000 2339.787264 1897.287931 0.000000 
2000.000000 0.000000 2331.626419 1938.667241 0.000000 
2000.000000 0.000000 2858.271017 573.150000 1551.724138 
2000.000000 0.000000 2854.770642 614.529310 1551.724138 
2000.000000 0.000000 2850.917193 655.908621 1551.724138 
2000.000000 0.000000 2804.318309 697.287931 1551.724138 
2000.000000 0.000000 2797.807875 738.667241 1551.724138 
2000.000000 0.000000 2791.164068 780.046552 1551.724138 
2000.000000 0.000000 2781.101759 821.425862 1551.724138 
2000.000000 0.000000 2772.072238 862.805172 1551.724138 
2000.000000 0.000000 2763.735472 904.184483 1551.724138 
2000.000000 0.000000 2761.045635 945.563793 1551.724138 
2000.000000 0.000000 2758.537548 986.943103 1551.724138 
2000.000000 0.000000 2599.474821 1028.322414 1551.724138 
2000.000000 0.000000 2584.079765 1069.701724 1551.724138 
2000.000000 0.000000 2568.279194 1111.081034 1551.724138 
2000.000000 0.000000 2551.104161 1152.460345 1551.724138 
2000.000000 0.000000 2535.237278 1193.839655 1551.724138 
2000.000000 0.000000 2519.475989 1235.218966 1551.724138 
2000.000000 0.000000 2503.680180 1276.598276 1551.724138 
2000.000000 0.000000 2487.542589 1317.977586 1551.724138 
2000.000000 0.000000 2473.425654 1359.356897 1551.724138 
2000.000000 0.000000 2461.127885 1400.736207 1551.724138 
2000.000000 0.000000 2450.903851 1442.115517 1551.724138 
2000.000000 0.000000 2443.182553 1483.494828 1551.724138 
2000.000000 0.000000 2435.408738 1524.874138 1551.724138 
2000.000000 0.000000 2427.584877 1566.253448 1551.724138 
2000.000000 0.000000 2419.712968 1607.632759 1551.724138 
2000.000000 0.000000 2411.794603 1649.012069 1551.724138 
2000.000000 0.000000 2403.831049 1690.391379 1551.724138 
2000.000000 0.000000 2395.823257 1731.770690 1551.724138 
2000.000000 0.000000 2387.771955 1773.150000 1551.724138 
2000.000000 0.000000 2379.720654 1814.529310 1551.724138 
2000.000000 0.000000 2371.669352 1855.908621 1551.724138 
2000.000000 0.000000 2363.618051 1897.287931 1551.724138 
2000.000000 0.000000 2355.566749 1938.667241 1551.724138 
2000.000000 0.000000 2865.978466 573.150000 3103.448276 
2000.000000 0.000000 2862.546357 614.529310 3103.448276 
2000.000000 0.000000 2858.782042 655.908621 3103.448276 
2000.000000 0.000000 2855.102223 697.287931 3103.448276 
2000.000000 0.000000 2815.569021 738.667241 3103.448276 
2000.000000 0.000000 2802.898122 780.046552 3103.448276 
2000.000000 0.000000 2796.466225 821.425862 3103.448276 
2000.000000 0.000000 2789.566469 862.805172 3103.448276 
2000.000000 0.000000 2781.138422 904.184483 3103.448276 
2000.000000 0.000000 2771.406761 945.563793 3103.448276 
2000.000000 0.000000 2670.866145 986.943103 3103.448276 
2000.000000 0.000000 2646.763514 1028.322414 3103.448276 
2000.000000 0.000000 2605.579655 1069.701724 3103.448276 
2000.000000 0.000000 2590.399433 1111.081034 3103.448276 
2000.000000 0.000000 2574.097904 1152.460345 3103.448276 
2000.000000 0.000000 2557.894504 1193.839655 3103.448276 
2000.000000 0.000000 2542.529677 1235.218966 3103.448276 
2000.000000 0.000000 2527.289103 1276.598276 3103.448276 
2000.000000 0.000000 2511.980507 1317.977586 3103.448276 
2000.000000 0.000000 2497.060001 1359.356897 3103.448276 
2000.000000 0.000000 2485.246960 1400.736207 3103.448276 
2000.000000 0.000000 2473.009476 1442.115517 3103.448276 
2000.000000 0.000000 2464.242023 1483.494828 3103.448276 
2000.000000 0.000000 2456.546960 1524.874138 3103.448276 
2000.000000 0.000000 2448.804409 1566.253448 3103.448276 
2000.000000 0.000000 2441.016023 1607.632759 3103.448276 
2000.000000 0.000000 2433.183145 1649.012069 3103.448276 
2000.000000 0.000000 2425.306809 1690.391379 3103.448276 
2000.000000 0.000000 2417.387831 1731.770690 3103.448276 
2000.000000 0.000000 2409.426813 1773.150000 3103.448276 
2000.000000 0.000000 2401.465795 1814.529310 3103.448276 
2000.000000 0.000000 2393.504777 1855.908621 3103.448276 
2000.000000 0.000000 2385.543760 1897.287931 3103.448276 
2000.000000 0.000000 2377.582742 1938.667241 3103.448276 
2000.000000 0.000000 2873.378014 573.150000 4655.172414 
2000.000000 0.000000 2870.217821 614.529310 4655.172414 
2000.000000 0.000000 2866.552938 655.908621 4655.172414 
2000.000000 0.000000 2862.967364 697.287931 4655.172414 
2000.000000 0.000000 2867.991678 738.667241 4655.172414 
2000.000000 0.000000 2829.383935 780.046552 4655.172414 
2000.000000 0.000000 2808.430611 821.425862 4655.172414 
2000.000000 0.000000 2802.110592 862.805172 4655.172414 
2000.000000 0.000000 2795.395115 904.184483 4655.172414 
2000.000000 0.000000 2787.828973 945.563793 4655.172414 
2000.000000 0.000000 2692.316604 986.943103 4655.172414 
2000.000000 0.000000 2677.344272 1028.322414 4655.172414 
2000.000000 0.000000 2638.777575 1069.701724 4655.172414 
2000.000000 0.000000 2611.217867 1111.081034 4655.172414 
2000.000000 0.000000 2595.586768 1152.460345 4655.172414 
2000.000000 0.000000 2579.173593 1193.839655 4655.172414 
2000.000000 0.000000 2564.113997 1235.218966 4655.172414 
2000.000000 0.000000 2549.262483 1276.598276 4655.172414 
2000.000000 0.000000 2534.717303 1317.977586 4655.172414 
2000.000000 0.000000 2520.168119 1359.356897 4655.172414 
2000.000000 0.000000 2507.450409 1400.736207 4655.172414 
2000.000000 0.000000 2495.688106 1442.115517 4655.172414 
2000.000000 0.000000 2483.879211 1483.494828 4655.172414 
2000.000000 0.000000 2476.250463 1524.874138 4655.172414 
2000.000000 0.000000 2468.576363 1566.253448 4655.172414 
2000.000000 0.000000 2460.858297 1607.632759 4655.172414 
2000.000000 0.000000 2453.097366 1649.012069 4655.172414 
2000.000000 0.000000 2445.294460 1690.391379 4655.172414 
2000.000000 0.000000 2437.450238 1731.770690 4655.172414 
2000.000000 0.000000 2429.565193 1773.150000 4655.172414 
2000.000000 0.000000 2421.680149 1814.529310 4655.172414 
2000.000000 0.000000 2413.795105 1855.908621 4655.172414 
2000.000000 0.000000 2405.910061 1897.287931 4655.172414 
2000.000000 0.000000 2398.025016 1938.667241 4655.172414 
2000.000000 0.000000 2881.102499 573.150000 6206.896552 
2000.000000 0.000000 2877.391872 614.529310 6206.896552 
2000.000000 0.000000 2874.244685 655.908621 6206.896552 
2000.000000 0.000000 2870.778532 697.287931 6206.896552 
2000.000000 0.000000 2872.515702 738.667241 6206.896552 
2000.000000 0.000000 2896.872186 780.046552 6206.896552 
2000.000000 0.000000 2842.058797 821.425862 6206.896552 
2000.000000 0.000000 2817.141135 862.805172 6206.896552 
2000.000000 0.000000 2810.085144 904.184483 6206.896552 
2000.000000 0.000000 2729.507328 945.563793 6206.896552 
2000.000000 0.000000 2714.622139 986.943103 6206.896552 
2000.000000 0.000000 2699.163015 1028.322414 6206.896552 
2000.000000 0.000000 2681.590398 1069.701724 6206.896552 
2000.000000 0.000000 2643.391640 1111.081034 6206.896552 
2000.000000 0.000000 2615.953599 1152.460345 6206.896552 
2000.000000 0.000000 2599.520702 1193.839655 6206.896552 
2000.000000 0.000000 2584.567744 1235.218966 6206.896552 
2000.000000 0.000000 2569.970234 1276.598276 6206.896552 
2000.000000 0.000000 2556.076220 1317.977586 6206.896552 
2000.000000 0.000000 2542.244678 1359.356897 6206.896552 
2000.000000 0.000000 2528.058101 1400.736207 6206.896552 
2000.000000 0.000000 2516.690683 1442.115517 6206.896552 
2000.000000 0.000000 2504.937058 1483.494828 6206.896552 
2000.000000 0.000000 2494.742826 1524.874138 6206.896552 
2000.000000 0.000000 2487.127363 1566.253448 6206.896552 
2000.000000 0.000000 2479.469508 1607.632759 6206.896552 
2000.000000 0.000000 2471.770178 1649.012069 6206.896552 
2000.000000 0.000000 2464.030108 1690.391379 6206.896552 
2000.000000 0.000000 2456.249848 1731.770690 6206.896552 
2000.000000 0.000000 2448.429799 1773.150000 6206.896552 
2000.000000 0.000000 2440.609750 1814.529310 6206.896552 
2000.000000 0.000000 2432.789701 1855.908621 6206.896552 
2000.000000 0.000000 2424.969651 1897.287931 6206.896552 
2000.000000 0.000000 2417.149602 1938.667241 6206.896552 
2000.000000 0.000000 3045.764531 573.150000 7758.620690 
2000.000000 0.000000 2899.215387 614.529310 7758.620690 
2000.000000 0.000000 2884.248646 655.908621 7758.620690 
2000.000000 0.000000 2878.588340 697.287931 7758.620690 
2000.000000 0.000000 2875.509430 738.667241 7758.620690 
2000.000000 0.000000 2912.448792 780.046552 7758.620690 
2000.000000 0.000000 2880.386713 821.425862 7758.620690 
2000.000000 0.000000 2853.564700 862.805172 7758.620690 
2000.000000 0.000000 2826.693672 904.184483 7758.620690 
2000.000000 0.000000 2749.284978 945.563793 7758.620690 
2000.000000 0.000000 2736.300573 986.943103 7758.620690 
2000.000000 0.000000 2721.256814 1028.322414 7758.620690 
2000.000000 0.000000 2704.402442 1069.701724 7758.620690 
2000.000000 0.000000 2678.313255 1111.081034 7758.620690 
2000.000000 0.000000 2644.177390 1152.460345 7758.620690 
2000.000000 0.000000 2619.762252 1193.839655 7758.620690 
2000.000000 0.000000 2604.154620 1235.218966 7758.620690 
2000.000000 0.000000 2589.711193 1276.598276 7758.620690 
2000.000000 0.000000 2576.385132 1317.977586 7758.620690 
2000.000000 0.000000 2563.065703 1359.356897 7758.620690 
2000.000000 0.000000 2549.080996 1400.736207 7758.620690 
2000.000000 0.000000 2536.277090 1442.115517 7758.620690 
2000.000000 0.000000 2524.919468 1483.494828 7758.620690 
2000.000000 0.000000 2513.134157 1524.874138 7758.620690 
2000.000000 0.000000 2504.630504 1566.253448 7758.620690 
2000.000000 0.000000 2497.024930 1607.632759 7758.620690 
2000.000000 0.000000 2489.379068 1649.012069 7758.620690 
2000.000000 0.000000 2481.693511 1690.391379 7758.620690 
2000.000000 0.000000 2473.968725 1731.770690 7758.620690 
2000.000000 0.000000 2466.205026 1773.150000 7758.620690 
2000.000000 0.000000 2458.441326 1814.529310 7758.620690 
2000.000000 0.000000 2450.677626 1855.908621 7758.620690 
2000.000000 0.000000 2442.913926 1897.287931 7758.620690 
2000.000000 0.000000 2435.150226 1938.667241 7758.620690 
2000.000000 0.000000 3056.932494 573.150000 9310.344828 
2000.000000 0.000000 3048.936271 614.529310 9310.344828 
2000.000000 0.000000 3044.736033 655.908621 9310.344828 
2000.000000 0.000000 3046.302968 697.287931 9310.344828 
2000.000000 0.000000 2919.520149 738.667241 9310.344828 
2000.000000 0.000000 2933.924058 780.046552 9310.344828 
2000.000000 0.000000 2921.022494 821.425862 9310.344828 
2000.000000 0.000000 2886.144384 862.805172 9310.344828 
2000.000000 0.000000 2802.436994 904.184483 9310.344828 
2000.000000 0.000000 2770.349786 945.563793 9310.344828 
2000.000000 0.000000 2757.487567 986.943103 9310.344828 
2000.000000 0.000000 2743.537819 1028.322414 9310.344828 
2000.000000 0.000000 2727.140691 1069.701724 9310.344828 
2000.000000 0.000000 2707.881152 1111.081034 9310.344828 
2000.000000 0.000000 2678.861532 1152.460345 9310.344828 
2000.000000 0.000000 2643.133872 1193.839655 9310.344828 
2000.000000 0.000000 2623.082947 1235.218966 9310.344828 
2000.000000 0.000000 2609.297348 1276.598276 9310.344828 
2000.000000 0.000000 2595.931298 1317.977586 9310.344828 
2000.000000 0.000000 2582.905293 1359.356897 9310.344828 
2000.000000 0.000000 2569.194801 1400.736207 9310.344828 
2000.000000 0.000000 2554.800945 1442.115517 9310.344828 
2000.000000 0.000000 2543.629172 1483.494828 9310.344828 
2000.000000 0.000000 2532.241757 1524.874138 9310.344828 
2000.000000 0.000000 2521.221618 1566.253448 9310.344828 
2000.000000 0.000000 2513.662008 1607.632759 9310.344828 
2000.000000 0.000000 2506.063090 1649.012069 9310.344828 
2000.000000 0.000000 2498.425371 1690.391379 9310.344828 
2000.000000 0.000000 2490.749232 1731.770690 9310.344828 
2000.000000 0.000000 2483.034940 1773.150000 9310.344828 
2000.000000 0.000000 2475.320648 1814.529310 9310.344828 
2000.000000 0.000000 2467.606357 1855.908621 9310.344828 
2000.000000 0.000000 2459.892065 1897.287931 9310.344828 
2000.000000 0.000000 2452.177773 1938.667241 9310.344828 
2000.000000 0.000000 3063.926119 573.150000 10862.068966 
2000.000000 0.000000 3059.700565 614.529310 10862.068966 
2000.000000 0.000000 3052.069962 655.908621 10862.068966 
2000.000000 0.000000 3053.550019 697.287931 10862.068966 
2000.000000 0.000000 3049.659731 738.667241 10862.068966 
2000.000000 0.000000 3014.520113 780.046552 10862.068966 
2000.000000 0.000000 2978.621057 821.425862 10862.068966 
2000.000000 0.000000 2952.242321 862.805172 10862.068966 
2000.000000 0.000000 2868.325160 904.184483 10862.068966 
2000.000000 0.000000 2807.028990 945.563793 10862.068966 
2000.000000 0.000000 2781.073758 986.943103 10862.068966 
2000.000000 0.000000 2766.142530 1028.322414 10862.068966 
2000.000000 0.000000 2756.461863 1069.701724 10862.068966 
2000.000000 0.000000 2742.920334 1111.081034 10862.068966 
2000.000000 0.000000 2728.159720 1152.460345 10862.068966 
2000.000000 0.000000 2704.439263 1193.839655 10862.068966 
2000.000000 0.000000 2672.473006 1235.218966 10862.068966 
2000.000000 0.000000 2652.090979 1276.598276 10862.068966 
2000.000000 0.000000 2633.539633 1317.977586 10862.068966 
2000.000000 0.000000 2612.910580 1359.356897 10862.068966 
2000.000000 0.000000 2588.432389 1400.736207 10862.068966 
2000.000000 0.000000 2574.333501 1442.115517 10862.068966 
2000.000000 0.000000 2561.240965 1483.494828 10862.068966 
2000.000000 0.000000 2550.192886 1524.874138 10862.068966 
2000.000000 0.000000 2538.738531 1566.253448 10862.068966 
2000.000000 0.000000 2529.490910 1607.632759 10862.068966 
2000.000000 0.000000 2521.933621 1649.012069 10862.068966 
2000.000000 0.000000 2514.338293 1690.391379 10862.068966 
2000.000000 0.000000 2506.705245 1731.770690 10862.068966 
2000.000000 0.000000 2499.034679 1773.150000 10862.068966 
2000.000000 0.000000 2491.364112 1814.529310 10862.068966 
2000.000000 0.000000 2483.693545 1855.908621 10862.068966 
2000.000000 0.000000 2476.022978 1897.287931 10862.068966 
2000.000000 0.000000 2468.352411 1938.667241 10862.068966 
2000.000000 0.000000 3072.130993 573.150000 12413.793103 
2000.000000 0.000000 3066.746845 614.529310 12413.793103 
2000.000000 0.000000 3062.443359 655.908621 12413.793103 
2000.000000 0.000000 3056.710617 697.287931 12413.793103 
2000.000000 0.000000 3056.267857 738.667241 12413.793103 
2000.000000 0.000000 3049.720905 780.046552 12413.793103 
2000.000000 0.000000 3024.698866 821.425862 12413.793103 
2000.000000 0.000000 3009.154618 862.805172 12413.793103 
2000.000000 0.000000 2925.431919 904.184483 12413.793103 
2000.000000 0.000000 2884.229243 945.563793 12413.793103 
2000.000000 0.000000 2819.931268 986.943103 12413.793103 
2000.000000 0.000000 2807.580620 1028.322414 12413.793103 
2000.000000 0.000000 2794.337792 1069.701724 12413.793103 
2000.000000 0.000000 2778.929714 1111.081034 12413.793103 
2000.000000 0.000000 2761.835198 1152.460345 12413.793103 
2000.000000 0.000000 2748.781682 1193.839655 12413.793103 
2000.000000 0.000000 2725.657421 1235.218966 12413.793103 
2000.000000 0.000000 2692.363787 1276.598276 12413.793103 
2000.000000 0.000000 2666.541237 1317.977586 12413.793103 
2000.000000 0.000000 2638.949967 1359.356897 12413.793103 
2000.000000 0.000000 2617.776872 1400.736207 12413.793103 
2000.000000 0.000000 2593.075994 1442.115517 12413.793103 
2000.000000 0.000000 2578.520264 1483.494828 12413.793103 
2000.000000 0.000000 2567.138095 1524.874138 12413.793103 
2000.000000 0.000000 2556.029419 1566.253448 12413.793103 
2000.000000 0.000000 2544.601611 1607.632759 12413.793103 
2000.000000 0.000000 2537.081573 1649.012069 12413.793103 
2000.000000 0.000000 2529.524132 1690.391379 12413.793103 
2000.000000 0.000000 2521.929560 1731.770690 12413.793103 
2000.000000 0.000000 2514.298014 1773.150000 12413.793103 
2000.000000 0.000000 2506.666467 1814.529310 12413.793103 
2000.000000 0.000000 2499.034921 1855.908621 12413.793103 
2000.000000 0.000000 2491.403375 1897.287931 12413.793103 
2000.000000 0.000000 2483.771828 1938.667241 12413.793103 
2000.000000 0.000000 3078.734418 573.150000 13965.517241 
2000.000000 0.000000 3074.760758 614.529310 13965.517241 
2000.000000 0.000000 3070.544351 655.908621 13965.517241 
2000.000000 0.000000 3065.210425 697.287931 13965.517241 
2000.000000 0.000000 3063.238371 738.667241 13965.517241 
2000.000000 0.000000 3059.117268 780.046552 13965.517241 
2000.000000 0.000000 3037.230627 821.425862 13965.517241 
2000.000000 0.000000 3032.221971 862.805172 13965.517241 
2000.000000 0.000000 2965.423953 904.184483 13965.517241 
2000.000000 0.000000 2947.001615 945.563793 13965.517241 
2000.000000 0.000000 2903.002553 986.943103 13965.517241 
2000.000000 0.000000 2838.054451 1028.322414 13965.517241 
2000.000000 0.000000 2824.525571 1069.701724 13965.517241 
2000.000000 0.000000 2810.166471 1111.081034 13965.517241 
2000.000000 0.000000 2795.023070 1152.460345 13965.517241 
2000.000000 0.000000 2778.517337 1193.839655 13965.517241 
2000.000000 0.000000 2754.032652 1235.218966 13965.517241 
2000.000000 0.000000 2725.781085 1276.598276 13965.517241 
2000.000000 0.000000 2696.116187 1317.977586 13965.517241 
2000.000000 0.000000 2667.741390 1359.356897 13965.517241 
2000.000000 0.000000 2641.240300 1400.736207 13965.517241 
2000.000000 0.000000 2621.211171 1442.115517 13965.517241 
2000.000000 0.000000 2596.861551 1483.494828 13965.517241 
2000.000000 0.000000 2583.202350 1524.874138 13965.517241 
2000.000000 0.000000 2572.390898 1566.253448 13965.517241 
2000.000000 0.000000 2561.186920 1607.632759 13965.517241 
2000.000000 0.000000 2551.582293 1649.012069 13965.517241 
2000.000000 0.000000 2544.058971 1690.391379 13965.517241 
2000.000000 0.000000 2536.499007 1731.770690 13965.517241 
2000.000000 0.000000 2528.902542 1773.150000 13965.517241 
2000.000000 0.000000 2521.306076 1814.529310 13965.517241 
2000.000000 0.000000 2513.709610 1855.908621 13965.517241 
2000.000000 0.000000 2506.113145 1897.287931 13965.517241 
2000.000000 0.000000 2498.516679 1938.667241 13965.517241 
2000.000000 0.000000 3098.464655 573.150000 15517.241379 
2000.000000 0.000000 3089.947193 614.529310 15517.241379 
2000.000000 0.000000 3077.370846 655.908621 15517.241379 
2000.000000 0.000000 3073.111488 697.287931 15517.241379 
2000.000000 0.000000 3068.085136 738.667241 15517.241379 
2000.000000 0.000000 3079.314250 780.046552 15517.241379 
2000.000000 0.000000 3093.049202 821.425862 15517.241379 
2000.000000 0.000000 3066.421879 862.805172 15517.241379 
2000.000000 0.000000 3059.500713 904.184483 15517.241379 
2000.000000 0.000000 2987.191533 945.563793 15517.241379 
2000.000000 0.000000 2972.168386 986.943103 15517.241379 
2000.000000 0.000000 2924.025433 1028.322414 15517.241379 
2000.000000 0.000000 2852.554429 1069.701724 15517.241379 
2000.000000 0.000000 2838.731626 1111.081034 15517.241379 
2000.000000 0.000000 2824.584375 1152.460345 15517.241379 
2000.000000 0.000000 2804.898276 1193.839655 15517.241379 
2000.000000 0.000000 2779.320796 1235.218966 15517.241379 
2000.000000 0.000000 2752.522558 1276.598276 15517.241379 
2000.000000 0.000000 2723.786284 1317.977586 15517.241379 
2000.000000 0.000000 2695.585196 1359.356897 15517.241379 
2000.000000 0.000000 2668.093954 1400.736207 15517.241379 
2000.000000 0.000000 2643.044610 1442.115517 15517.241379 
2000.000000 0.000000 2624.009933 1483.494828 15517.241379 
2000.000000 0.000000 2599.799889 1524.874138 15517.241379 
2000.000000 0.000000 2587.933140 1566.253448 15517.241379 
2000.000000 0.000000 2577.035443 1607.632759 15517.241379 
2000.000000 0.000000 2565.703204 1649.012069 15517.241379 
2000.000000 0.000000 2558.006680 1690.391379 15517.241379 
2000.000000 0.000000 2550.478068 1731.770690 15517.241379 
2000.000000 0.000000 2542.913339 1773.150000 15517.241379 
2000.000000 0.000000 2535.348609 1814.529310 15517.241379 
2000.000000 0.000000 2527.783879 1855.908621 15517.241379 
2000.000000 0.000000 2520.219150 1897.287931 15517.241379 
2000.000000 0.000000 2512.654420 1938.667241 15517.241379 
2000.000000 0.000000 3116.646374 573.150000 17068.965517 
2000.000000 0.000000 3110.693550 614.529310 17068.965517 
2000.000000 0.000000 3105.158580 655.908621 17068.965517 
2000.000000 0.000000 3099.380600 697.287931 17068.965517 
2000.000000 0.000000 3093.408215 738.667241 17068.965517 
2000.000000 0.000000 3094.636311 780.046552 17068.965517 
2000.000000 0.000000 3111.239581 821.425862 17068.965517 
2000.000000 0.000000 3105.481835 862.805172 17068.965517 
2000.000000 0.000000 3099.414813 904.184483 17068.965517 
2000.000000 0.000000 3018.736156 945.563793 17068.965517 
2000.000000 0.000000 3005.414921 986.943103 17068.965517 
2000.000000 0.000000 2990.205779 1028.322414 17068.965517 
2000.000000 0.000000 2947.445544 1069.701724 17068.965517 
2000.000000 0.000000 2867.535351 1111.081034 17068.965517 
2000.000000 0.000000 2853.233869 1152.460345 17068.965517 
2000.000000 0.000000 2830.156509 1193.839655 17068.965517 
2000.000000 0.000000 2805.827945 1235.218966 17068.965517 
2000.000000 0.000000 2777.801428 1276.598276 17068.965517 
2000.000000 0.000000 2749.947811 1317.977586 17068.965517 
2000.000000 0.000000 2720.852792 1359.356897 17068.965517 
2000.000000 0.000000 2694.332132 1400.736207 17068.965517 
2000.000000 0.000000 2667.884440 1442.115517 17068.965517 
2000.000000 0.000000 2644.457783 1483.494828 17068.965517 
2000.000000 0.000000 2626.187495 1524.874138 17068.965517 
2000.000000 0.000000 2605.235321 1566.253448 17068.965517 
2000.000000 0.000000 2592.117028 1607.632759 17068.965517 
2000.000000 0.000000 2581.100298 1649.012069 17068.965517 
2000.000000 0.000000 2571.421538 1690.391379 17068.965517 
2000.000000 0.000000 2563.921475 1731.770690 17068.965517 
2000.000000 0.000000 2556.385630 1773.150000 17068.965517 
2000.000000 0.000000 2548.849784 1814.529310 17068.965517 
2000.000000 0.000000 2541.313938 1855.908621 17068.965517 
2000.000000 0.000000 2533.778092 1897.287931 17068.965517 
2000.000000 0.000000 2526.242246 1938.667241 17068.965517 
2000.000000 0.000000 3126.503091 573.150000 18620.689655 
2000.000000 0.000000 3123.368131 614.529310 18620.689655 
2000.000000 0.000000 3119.747418 655.908621 18620.689655 
2000.000000 0.000000 3115.883325 697.287931 18620.689655 
2000.000000 0.000000 3119.408936 738.667241 18620.689655 
2000.000000 0.000000 3115.687527 780.046552 18620.689655 
2000.000000 0.000000 3126.411227 821.425862 18620.689655 
2000.000000 0.000000 3137.679593 862.805172 18620.689655 
2000.000000 0.000000 3132.806258 904.184483 18620.689655 
2000.000000 0.000000 3131.087797 945.563793 18620.689655 
2000.000000 0.000000 3035.888842 986.943103 18620.689655 
2000.000000 0.000000 3023.490736 1028.322414 18620.689655 
2000.000000 0.000000 3008.568116 1069.701724 18620.689655 
2000.000000 0.000000 2976.123373 1111.081034 18620.689655 
2000.000000 0.000000 2882.559760 1152.460345 18620.689655 
2000.000000 0.000000 2857.553325 1193.839655 18620.689655 
2000.000000 0.000000 2832.155068 1235.218966 18620.689655 
2000.000000 0.000000 2804.708624 1276.598276 18620.689655 
2000.000000 0.000000 2774.781996 1317.977586 18620.689655 
2000.000000 0.000000 2746.774139 1359.356897 18620.689655 
2000.000000 0.000000 2716.978214 1400.736207 18620.689655 
2000.000000 0.000000 2692.606753 1442.115517 18620.689655 
2000.000000 0.000000 2667.347935 1483.494828 18620.689655 
2000.000000 0.000000 2645.512130 1524.874138 18620.689655 
2000.000000 0.000000 2627.738095 1566.253448 18620.689655 
2000.000000 0.000000 2610.586410 1607.632759 18620.689655 
2000.000000 0.000000 2595.774743 1649.012069 18620.689655 
2000.000000 0.000000 2584.607666 1690.391379 18620.689655 
2000.000000 0.000000 2576.876176 1731.770690 18620.689655 
2000.000000 0.000000 2569.366752 1773.150000 18620.689655 
2000.000000 0.000000 2561.857328 1814.529310 18620.689655 
2000.000000 0.000000 2554.347903 1855.908621 18620.689655 
2000.000000 0.000000 2546.838479 1897.287931 18620.689655 
2000.000000 0.000000 2539.329055 1938.667241 18620.689655 
2000.000000 0.000000 3147.350937 573.150000 20172.413793 
2000.000000 0.000000 3144.932135 614.529310 20172.413793 
2000.000000 0.000000 3142.265739 655.908621 20172.413793 
2000.000000 0.000000 3139.573457 697.287931 20172.413793 
2000.000000 0.000000 3137.088394 738.667241 20172.413793 
2000.000000 0.000000 3135.006196 780.046552 20172.413793 
2000.000000 0.000000 3133.380086 821.425862 20172.413793 
2000.000000 0.000000 3153.169721 862.805172 20172.413793 
2000.000000 0.000000 3163.663184 904.184483 20172.413793 
2000.000000 0.000000 3171.190887 945.563793 20172.413793 
2000.000000 0.000000 3064.608544 986.943103 20172.413793 
2000.000000 0.000000 3056.049288 1028.322414 20172.413793 
2000.000000 0.000000 3038.694465 1069.701724 20172.413793 
2000.000000 0.000000 3014.359468 1111.081034 20172.413793 
2000.000000 0.000000 2945.708971 1152.460345 20172.413793 
2000.000000 0.000000 2890.953698 1193.839655 20172.413793 
2000.000000 0.000000 2861.883799 1235.218966 20172.413793 
2000.000000 0.000000 2832.825895 1276.598276 20172.413793 
2000.000000 0.000000 2801.570238 1317.977586 20172.413793 
2000.000000 0.000000 2771.647570 1359.356897 20172.413793 
2000.000000 0.000000 2742.419395 1400.736207 20172.413793 
2000.000000 0.000000 2714.418413 1442.115517 20172.413793 
2000.000000 0.000000 2690.597994 1483.494828 20172.413793 
2000.000000 0.000000 2666.647657 1524.874138 20172.413793 
2000.000000 0.000000 2646.194208 1566.253448 20172.413793 
2000.000000 0.000000 2630.114954 1607.632759 20172.413793 
2000.000000 0.000000 2615.901403 1649.012069 20172.413793 
2000.000000 0.000000 2598.922471 1690.391379 20172.413793 
2000.000000 0.000000 2589.382785 1731.770690 20172.413793 
2000.000000 0.000000 2581.897655 1773.150000 20172.413793 
2000.000000 0.000000 2574.412526 1814.529310 20172.413793 
2000.000000 0.000000 2566.927396 1855.908621 20172.413793 
2000.000000 0.000000 2559.442267 1897.287931 20172.413793 
2000.000000 0.000000 2551.957137 1938.667241 20172.413793 
2000.000000 0.000000 3160.857012 573.150000 21724.137931 
2000.000000 0.000000 3159.009169 614.529310 21724.137931 
2000.000000 0.000000 3157.126366 655.908621 21724.137931 
2000.000000 0.000000 3155.389750 697.287931 21724.137931 
2000.000000 0.000000 3153.967336 738.667241 21724.137931 
2000.000000 0.000000 3151.257127 780.046552 21724.137931 
2000.000000 0.000000 3147.591534 821.425862 21724.137931 
2000.000000 0.000000 3167.924175 862.805172 21724.137931 
2000.000000 0.000000 3200.013711 904.184483 21724.137931 
2000.000000 0.000000 3204.760637 945.563793 21724.137931 
2000.000000 0.000000 3200.133799 986.943103 21724.137931 
2000.000000 0.000000 3074.386898 1028.322414 21724.137931 
2000.000000 0.000000 3057.296002 1069.701724 21724.137931 
2000.000000 0.000000 3036.532808 1111.081034 21724.137931 
2000.000000 0.000000 3008.545217 1152.460345 21724.137931 
2000.000000 0.000000 2958.247149 1193.839655 21724.137931 
2000.000000 0.000000 2901.256326 1235.218966 21724.137931 
2000.000000 0.000000 2866.321444 1276.598276 21724.137931 
2000.000000 0.000000 2832.266036 1317.977586 21724.137931 
2000.000000 0.000000 2798.068474 1359.356897 21724.137931 
2000.000000 0.000000 2767.155828 1400.736207 21724.137931 
2000.000000 0.000000 2737.233359 1442.115517 21724.137931 
2000.000000 0.000000 2711.585685 1483.494828 21724.137931 
2000.000000 0.000000 2688.423361 1524.874138 21724.137931 
2000.000000 0.000000 2665.860805 1566.253448 21724.137931 
2000.000000 0.000000 2646.461647 1607.632759 21724.137931 
2000.000000 0.000000 2632.656785 1649.012069 21724.137931 
2000.000000 0.000000 2618.291782 1690.391379 21724.137931 
2000.000000 0.000000 2601.572237 1731.770690 21724.137931 
2000.000000 0.000000 2594.014035 1773.150000 21724.137931 
2000.000000 0.000000 2586.455834 1814.529310 21724.137931 
2000.000000 0.000000 2578.897633 1855.908621 21724.137931 
2000.000000 0.000000 2571.339432 1897.287931 21724.137931 
2000.000000 0.000000 2563.781230 1938.667241 21724.137931 
2000.000000 0.000000 3173.303004 573.150000 23275.862069 
2000.000000 0.000000 3171.477645 614.529310 23275.862069 
2000.000000 0.000000 3169.362797 655.908621 23275.862069 
2000.000000 0.000000 3166.966165 697.287931 23275.862069 
2000.000000 0.000000 3164.278097 738.667241 23275.862069 
2000.000000 0.000000 3161.273148 780.046552 23275.862069 
2000.000000 0.000000 3157.907517 821.425862 23275.862069 
2000.000000 0.000000 3165.116258 862.805172 23275.862069 
2000.000000 0.000000 3214.545827 904.184483 23275.862069 
2000.000000 0.000000 3214.973360 945.563793 23275.862069 
2000.000000 0.000000 3210.203606 986.943103 23275.862069 
2000.000000 0.000000 3092.925587 1028.322414 23275.862069 
2000.000000 0.000000 3073.874158 1069.701724 23275.862069 
2000.000000 0.000000 3055.707546 1111.081034 23275.862069 
2000.000000 0.000000 3032.885990 1152.460345 23275.862069 
2000.000000 0.000000 2992.585081 1193.839655 23275.862069 
2000.000000 0.000000 2954.385614 1235.218966 23275.862069 
2000.000000 0.000000 2907.671738 1276.598276 23275.862069 
2000.000000 0.000000 2866.710197 1317.977586 23275.862069 
2000.000000 0.000000 2829.073346 1359.356897 23275.862069 
2000.000000 0.000000 2793.126091 1400.736207 23275.862069 
2000.000000 0.000000 2761.567940 1442.115517 23275.862069 
2000.000000 0.000000 2732.477927 1483.494828 23275.862069 
2000.000000 0.000000 2708.538559 1524.874138 23275.862069 
2000.000000 0.000000 2686.145806 1566.253448 23275.862069 
2000.000000 0.000000 2664.982289 1607.632759 23275.862069 
2000.000000 0.000000 2647.200219 1649.012069 23275.862069 
2000.000000 0.000000 2635.225303 1690.391379 23275.862069 
2000.000000 0.000000 2618.768115 1731.770690 23275.862069 
2000.000000 0.000000 2605.747228 1773.150000 23275.862069 
2000.000000 0.000000 2592.726341 1814.529310 23275.862069 
2000.000000 0.000000 2579.705454 1855.908621 23275.862069 
2000.000000 0.000000 2566.684567 1897.287931 23275.862069 
2000.000000 0.000000 2553.663679 1938.667241 23275.862069 
2000.000000 0.000000 3184.763557 573.150000 24827.586207 
2000.000000 0.000000 3181.723408 614.529310 24827.586207 
2000.000000 0.000000 3178.997099 655.908621 24827.586207 
2000.000000 0.000000 3176.598609 697.287931 24827.586207 
2000.000000 0.000000 3173.969951 738.667241 24827.586207 
2000.000000 0.000000 3171.079865 780.046552 24827.586207 
2000.000000 0.000000 3167.891279 821.425862 24827.586207 
2000.000000 0.000000 3167.535122 862.805172 24827.586207 
2000.000000 0.000000 3227.465133 904.184483 24827.586207 
2000.000000 0.000000 3224.025827 945.563793 24827.586207 
2000.000000 0.000000 3219.225006 986.943103 24827.586207 
2000.000000 0.000000 3214.352070 1028.322414 24827.586207 
2000.000000 0.000000 3088.839778 1069.701724 24827.586207 
2000.000000 0.000000 3072.629612 1111.081034 24827.586207 
2000.000000 0.000000 3053.102370 1152.460345 24827.586207 
2000.000000 0.000000 3021.487775 1193.839655 24827.586207 
2000.000000 0.000000 2987.751120 1235.218966 24827.586207 
2000.000000 0.000000 2947.753301 1276.598276 24827.586207 
2000.000000 0.000000 2902.732323 1317.977586 24827.586207 
2000.000000 0.000000 2862.252164 1359.356897 24827.586207 
2000.000000 0.000000 2824.239283 1400.736207 24827.586207 
2000.000000 0.000000 2786.919976 1442.115517 24827.586207 
2000.000000 0.000000 2755.248870 1483.494828 24827.586207 
2000.000000 0.000000 2728.712574 1524.874138 24827.586207 
2000.000000 0.000000 2705.393339 1566.253448 24827.586207 
2000.000000 0.000000 2683.802930 1607.632759 24827.586207 
2000.000000 0.000000 2663.946423 1649.012069 24827.586207 
2000.000000 0.000000 2648.930733 1690.391379 24827.586207 
2000.000000 0.000000 2637.381098 1731.770690 24827.586207 
2000.000000 0.000000 2618.955503 1773.150000 24827.586207 
2000.000000 0.000000 2600.529908 1814.529310 24827.586207 
2000.000000 0.000000 2582.104313 1855.908621 24827.586207 
2000.000000 0.000000 2563.678718 1897.287931 24827.586207 
2000.000000 0.000000 2545.253123 1938.667241 24827.586207 
2000.000000 0.000000 3196.138150 573.150000 26379.310345 
2000.000000 0.000000 3192.681701 614.529310 26379.310345 
2000.000000 0.000000 3189.393795 655.908621 26379.310345 
2000.000000 0.000000 3186.241806 697.287931 26379.310345 
2000.000000 0.000000 3183.562576 738.667241 26379.310345 
2000.000000 0.000000 3180.739044 780.046552 26379.310345 
2000.000000 0.000000 3177.645211 821.425862 26379.310345 
2000.000000 0.000000 3174.246536 862.805172 26379.310345 
2000.000000 0.000000 3237.155632 904.184483 26379.310345 
2000.000000 0.000000 3232.379991 945.563793 26379.310345 
2000.000000 0.000000 3227.590535 986.943103 26379.310345 
2000.000000 0.000000 3222.734550 1028.322414 26379.310345 
2000.000000 0.000000 3217.756049 1069.701724 26379.310345 
2000.000000 0.000000 3087.788008 1111.081034 26379.310345 
2000.000000 0.000000 3070.585932 1152.460345 26379.310345 
2000.000000 0.000000 3046.658316 1193.839655 26379.310345 
2000.000000 0.000000 3014.699279 1235.218966 26379.310345 
2000.000000 0.000000 2981.877365 1276.598276 26379.310345 
2000.000000 0.000000 2939.177546 1317.977586 26379.310345 
2000.000000 0.000000 2896.842105 1359.356897 26379.310345 
2000.000000 0.000000 2856.471690 1400.736207 26379.310345 
2000.000000 0.000000 2817.825224 1442.115517 26379.310345 
2000.000000 0.000000 2779.767466 1483.494828 26379.310345 
2000.000000 0.000000 2749.175837 1524.874138 26379.310345 
2000.000000 0.000000 2724.796928 1566.253448 26379.310345 
2000.000000 0.000000 2702.214925 1607.632759 26379.310345 
2000.000000 0.000000 2681.432692 1649.012069 26379.310345 
2000.000000 0.000000 2662.829632 1690.391379 26379.310345 
2000.000000 0.000000 2650.683740 1731.770690 26379.310345 
2000.000000 0.000000 2636.818168 1773.150000 26379.310345 
2000.000000 0.000000 2622.952596 1814.529310 26379.310345 
2000.000000 0.000000 2609.087024 1855.908621 26379.310345 
2000.000000 0.000000 2595.221452 1897.287931 26379.310345 
2000.000000 0.000000 2581.355880 1938.667241 26379.310345 
2000.000000 0.000000 3254.743959 573.150000 27931.034483 
2000.000000 0.000000 3251.683063 614.529310 27931.034483 
2000.000000 0.000000 3248.957257 655.908621 27931.034483 
2000.000000 0.000000 3246.381018 697.287931 27931.034483 
2000.000000 0.000000 3243.755440 738.667241 27931.034483 
2000.000000 0.000000 3190.285152 780.046552 27931.034483 
2000.000000 0.000000 3187.223781 821.425862 27931.034483 
2000.000000 0.000000 3183.872473 862.805172 27931.034483 
2000.000000 0.000000 3215.901136 904.184483 27931.034483 
2000.000000 0.000000 3240.270836 945.563793 27931.034483 
2000.000000 0.000000 3235.509531 986.943103 27931.034483 
2000.000000 0.000000 3230.683454 1028.322414 27931.034483 
2000.000000 0.000000 3225.737474 1069.701724 27931.034483 
2000.000000 0.000000 3101.505017 1111.081034 27931.034483 
2000.000000 0.000000 3086.022697 1152.460345 27931.034483 
2000.000000 0.000000 3066.031377 1193.839655 27931.034483 
2000.000000 0.000000 3036.775130 1235.218966 27931.034483 
2000.000000 0.000000 3009.451470 1276.598276 27931.034483 
2000.000000 0.000000 2974.871121 1317.977586 27931.034483 
2000.000000 0.000000 2932.154663 1359.356897 27931.034483 
2000.000000 0.000000 2889.915059 1400.736207 27931.034483 
2000.000000 0.000000 2849.316503 1442.115517 27931.034483 
2000.000000 0.000000 2810.013361 1483.494828 27931.034483 
2000.000000 0.000000 2772.068671 1524.874138 27931.034483 
2000.000000 0.000000 2744.573762 1566.253448 27931.034483 
2000.000000 0.000000 2720.843949 1607.632759 27931.034483 
2000.000000 0.000000 2699.053310 1649.012069 27931.034483 
2000.000000 0.000000 2679.085553 1690.391379 27931.034483 
2000.000000 0.000000 2663.732639 1731.770690 27931.034483 
2000.000000 0.000000 2652.411012 1773.150000 27931.034483 
2000.000000 0.000000 2641.089385 1814.529310 27931.034483 
2000.000000 0.000000 2629.767759 1855.908621 27931.034483 
2000.000000 0.000000 2618.446132 1897.287931 27931.034483 
2000.000000 0.000000 2607.124505 1938.667241 27931.034483 
2000.000000 0.000000 3264.495048 573.150000 29482.758621 
2000.000000 0.000000 3261.285117 614.529310 29482.758621 
2000.000000 0.000000 3258.486179 655.908621 29482.758621 
2000.000000 0.000000 3255.810121 697.287931 29482.758621 
2000.000000 0.000000 3253.086207 738.667241 29482.758621 
2000.000000 0.000000 3250.270417 780.046552 29482.758621 
2000.000000 0.000000 3247.682749 821.425862 29482.758621 
2000.000000 0.000000 3244.950970 862.805172 29482.758621 
2000.000000 0.000000 3278.710927 904.184483 29482.758621 
2000.000000 0.000000 3309.165681 945.563793 29482.758621 
2000.000000 0.000000 3305.584889 986.943103 29482.758621 
2000.000000 0.000000 3238.313204 1028.322414 29482.758621 
2000.000000 0.000000 3233.399673 1069.701724 29482.758621 
2000.000000 0.000000 3228.359353 1111.081034 29482.758621 
2000.000000 0.000000 3099.846855 1152.460345 29482.758621 
2000.000000 0.000000 3082.324854 1193.839655 29482.758621 
2000.000000 0.000000 3055.239936 1235.218966 29482.758621 
2000.000000 0.000000 3032.049116 1276.598276 29482.758621 
2000.000000 0.000000 3003.284220 1317.977586 29482.758621 
2000.000000 0.000000 2966.606567 1359.356897 29482.758621 
2000.000000 0.000000 2924.267076 1400.736207 29482.758621 
2000.000000 0.000000 2881.847932 1442.115517 29482.758621 
2000.000000 0.000000 2840.815082 1483.494828 29482.758621 
2000.000000 0.000000 2801.144097 1524.874138 29482.758621 
2000.000000 0.000000 2765.112563 1566.253448 29482.758621 
2000.000000 0.000000 2739.887371 1607.632759 29482.758621 
2000.000000 0.000000 2716.923464 1649.012069 29482.758621 
2000.000000 0.000000 2695.976388 1690.391379 29482.758621 
2000.000000 0.000000 2676.934099 1731.770690 29482.758621 
2000.000000 0.000000 2664.724733 1773.150000 29482.758621 
2000.000000 0.000000 2652.515367 1814.529310 29482.758621 
2000.000000 0.000000 2640.306000 1855.908621 29482.758621 
2000.000000 0.000000 2628.096634 1897.287931 29482.758621 
2000.000000 0.000000 2615.887268 1938.667241 29482.758621 
2000.000000 0.000000 3274.344489 573.150000 31034.482759 
2000.000000 0.000000 3270.501658 614.529310 31034.482759 
2000.000000 0.000000 3267.715971 655.908621 31034.482759 
2000.000000 0.000000 3264.975133 697.287931 31034.482759 
2000.000000 0.000000 3262.145581 738.667241 31034.482759 
2000.000000 0.000000 3259.200253 780.046552 31034.482759 
2000.000000 0.000000 3256.163313 821.425862 31034.482759 
2000.000000 0.000000 3253.318543 862.805172 31034.482759 
2000.000000 0.000000 3285.193116 904.184483 31034.482759 
2000.000000 0.000000 3304.516144 945.563793 31034.482759 
2000.000000 0.000000 3311.719317 986.943103 31034.482759 
2000.000000 0.000000 3308.066667 1028.322414 31034.482759 
2000.000000 0.000000 3304.203449 1069.701724 31034.482759 
2000.000000 0.000000 3300.161641 1111.081034 31034.482759 
2000.000000 0.000000 3165.026547 1152.460345 31034.482759 
2000.000000 0.000000 3147.272247 1193.839655 31034.482759 
2000.000000 0.000000 3118.405922 1235.218966 31034.482759 
2000.000000 0.000000 3050.953404 1276.598276 31034.482759 
2000.000000 0.000000 3026.556027 1317.977586 31034.482759 
2000.000000 0.000000 2996.099617 1359.356897 31034.482759 
2000.000000 0.000000 2958.208513 1400.736207 31034.482759 
2000.000000 0.000000 2915.402912 1442.115517 31034.482759 
2000.000000 0.000000 2872.572678 1483.494828 31034.482759 
2000.000000 0.000000 2831.138477 1524.874138 31034.482759 
2000.000000 0.000000 2791.675111 1566.253448 31034.482759 
2000.000000 0.000000 2759.703550 1607.632759 31034.482759 
2000.000000 0.000000 2735.224125 1649.012069 31034.482759 
2000.000000 0.000000 2713.106140 1690.391379 31034.482759 
2000.000000 0.000000 2693.087596 1731.770690 31034.482759 
2000.000000 0.000000 2677.135691 1773.150000 31034.482759 
2000.000000 0.000000 2661.183786 1814.529310 31034.482759 
2000.000000 0.000000 2645.231882 1855.908621 31034.482759 
2000.000000 0.000000 2629.279977 1897.287931 31034.482759 
2000.000000 0.000000 2613.328072 1938.667241 31034.482759 
2000.000000 0.000000 3282.829090 573.150000 32586.206897 
2000.000000 0.000000 3279.387255 614.529310 32586.206897 
2000.000000 0.000000 3276.695986 655.908621 32586.206897 
2000.000000 0.000000 3273.878644 697.287931 32586.206897 
2000.000000 0.000000 3270.923768 738.667241 32586.206897 
2000.000000 0.000000 3267.828101 780.046552 32586.206897 
2000.000000 0.000000 3264.593679 821.425862 32586.206897 
2000.000000 0.000000 3261.437502 862.805172 32586.206897 
2000.000000 0.000000 3291.129976 904.184483 32586.206897 
2000.000000 0.000000 3299.041181 945.563793 32586.206897 
2000.000000 0.000000 3317.723790 986.943103 32586.206897 
2000.000000 0.000000 3314.083097 1028.322414 32586.206897 
2000.000000 0.000000 3310.198514 1069.701724 32586.206897 
2000.000000 0.000000 3306.137470 1111.081034 32586.206897 
2000.000000 0.000000 3301.991179 1152.460345 32586.206897 
2000.000000 0.000000 3161.290175 1193.839655 32586.206897 
2000.000000 0.000000 3138.842683 1235.218966 32586.206897 
2000.000000 0.000000 3112.425559 1276.598276 32586.206897 
2000.000000 0.000000 3088.610552 1317.977586 32586.206897 
2000.000000 0.000000 3059.198760 1359.356897 32586.206897 
2000.000000 0.000000 3021.762969 1400.736207 32586.206897 
2000.000000 0.000000 2948.927486 1442.115517 32586.206897 
2000.000000 0.000000 2905.449368 1483.494828 32586.206897 
2000.000000 0.000000 2862.122588 1524.874138 32586.206897 
2000.000000 0.000000 2820.621029 1566.253448 32586.206897 
2000.000000 0.000000 2782.771923 1607.632759 32586.206897 
2000.000000 0.000000 2754.637696 1649.012069 32586.206897 
2000.000000 0.000000 2730.661190 1690.391379 32586.206897 
2000.000000 0.000000 2709.501282 1731.770690 32586.206897 
2000.000000 0.000000 2690.527934 1773.150000 32586.206897 
2000.000000 0.000000 2671.554586 1814.529310 32586.206897 
2000.000000 0.000000 2652.581238 1855.908621 32586.206897 
2000.000000 0.000000 2633.607891 1897.287931 32586.206897 
2000.000000 0.000000 2614.634543 1938.667241 32586.206897 
2000.000000 0.000000 3291.024488 573.150000 34137.931034 
2000.000000 0.000000 3288.028032 614.529310 34137.931034 
2000.000000 0.000000 3285.434308 655.908621 34137.931034 
2000.000000 0.000000 3282.499305 697.287931 34137.931034 
2000.000000 0.000000 3279.390662 738.667241 34137.931034 
2000.000000 0.000000 3276.127003 780.046552 34137.931034 
2000.000000 0.000000 3272.726126 821.425862 34137.931034 
2000.000000 0.000000 3269.281429 862.805172 34137.931034 
2000.000000 0.000000 3293.692316 904.184483 34137.931034 
2000.000000 0.000000 3300.660777 945.563793 34137.931034 
2000.000000 0.000000 3323.632112 986.943103 34137.931034 
2000.000000 0.000000 3319.980242 1028.322414 34137.931034 
2000.000000 0.000000 3316.057471 1069.701724 34137.931034 
2000.000000 0.000000 3311.972028 1111.081034 34137.931034 
2000.000000 0.000000 3307.816968 1152.460345 34137.931034 
2000.000000 0.000000 3303.634870 1193.839655 34137.931034 
2000.000000 0.000000 3154.848758 1235.218966 34137.931034 
2000.000000 0.000000 3128.507095 1276.598276 34137.931034 
2000.000000 0.000000 3107.930495 1317.977586 34137.931034 
2000.000000 0.000000 3083.091645 1359.356897 34137.931034 
2000.000000 0.000000 3052.269591 1400.736207 34137.931034 
2000.000000 0.000000 3014.311744 1442.115517 34137.931034 
2000.000000 0.000000 2966.668711 1483.494828 34137.931034 
2000.000000 0.000000 2914.541405 1524.874138 34137.931034 
2000.000000 0.000000 2861.860655 1566.253448 34137.931034 
2000.000000 0.000000 2809.700905 1607.632759 34137.931034 
2000.000000 0.000000 2776.790622 1649.012069 34137.931034 
2000.000000 0.000000 2749.623143 1690.391379 34137.931034 
2000.000000 0.000000 2726.294597 1731.770690 34137.931034 
2000.000000 0.000000 2706.271730 1773.150000 34137.931034 
2000.000000 0.000000 2686.248863 1814.529310 34137.931034 
2000.000000 0.000000 2666.225997 1855.908621 34137.931034 
2000.000000 0.000000 2646.203130 1897.287931 34137.931034 
2000.000000 0.000000 2626.180263 1938.667241 34137.931034 
2000.000000 0.000000 3299.112205 573.150000 35689.655172 
2000.000000 0.000000 3296.577716 614.529310 35689.655172 
2000.000000 0.000000 3293.907605 655.908621 35689.655172 
2000.000000 0.000000 3290.791069 697.287931 35689.655172 
2000.000000 0.000000 3287.503137 738.667241 35689.655172 
2000.000000 0.000000 3284.063135 780.046552 35689.655172 
2000.000000 0.000000 3280.497320 821.425862 35689.655172 
2000.000000 0.000000 3276.824695 862.805172 35689.655172 
2000.000000 0.000000 3296.421784 904.184483 35689.655172 
2000.000000 0.000000 3302.537141 945.563793 35689.655172 
2000.000000 0.000000 3313.261599 986.943103 35689.655172 
2000.000000 0.000000 3325.770430 1028.322414 35689.655172 
2000.000000 0.000000 3321.794063 1069.701724 35689.655172 
2000.000000 0.000000 3317.680891 1111.081034 35689.655172 
2000.000000 0.000000 3313.516539 1152.460345 35689.655172 
2000.000000 0.000000 3309.335389 1193.839655 35689.655172 
2000.000000 0.000000 3168.286369 1235.218966 35689.655172 
2000.000000 0.000000 3143.462634 1276.598276 35689.655172 
2000.000000 0.000000 3124.258147 1317.977586 35689.655172 
2000.000000 0.000000 3102.795643 1359.356897 35689.655172 
2000.000000 0.000000 3076.787138 1400.736207 35689.655172 
2000.000000 0.000000 3044.321978 1442.115517 35689.655172 
2000.000000 0.000000 3006.052029 1483.494828 35689.655172 
2000.000000 0.000000 2956.008974 1524.874138 35689.655172 
2000.000000 0.000000 2903.257761 1566.253448 35689.655172 
2000.000000 0.000000 2850.859677 1607.632759 35689.655172 
2000.000000 0.000000 2801.024680 1649.012069 35689.655172 
2000.000000 0.000000 2770.834728 1690.391379 35689.655172 
2000.000000 0.000000 2744.752772 1731.770690 35689.655172 
2000.000000 0.000000 2722.274401 1773.150000 35689.655172 
2000.000000 0.000000 2699.796030 1814.529310 35689.655172 
2000.000000 0.000000 2677.317659 1855.908621 35689.655172 
2000.000000 0.000000 2654.839288 1897.287931 35689.655172 
2000.000000 0.000000 2632.360918 1938.667241 35689.655172 
2000.000000 0.000000 3307.172344 573.150000 37241.379310 
2000.000000 0.000000 3305.117660 614.529310 37241.379310 
2000.000000 0.000000 3302.066068 655.908621 37241.379310 
2000.000000 0.000000 3298.693969 697.287931 37241.379310 
2000.000000 0.000000 3295.218187 738.667241 37241.379310 
2000.000000 0.000000 3291.607199 780.046552 37241.379310 
2000.000000 0.000000 3287.890123 821.425862 37241.379310 
2000.000000 0.000000 3284.085123 862.805172 37241.379310 
2000.000000 0.000000 3299.307795 904.184483 37241.379310 
2000.000000 0.000000 3304.656475 945.563793 37241.379310 
2000.000000 0.000000 3314.207989 986.943103 37241.379310 
2000.000000 0.000000 3331.456757 1028.322414 37241.379310 
2000.000000 0.000000 3327.417112 1069.701724 37241.379310 
2000.000000 0.000000 3323.275445 1111.081034 37241.379310 
2000.000000 0.000000 3319.102007 1152.460345 37241.379310 
2000.000000 0.000000 3314.922133 1193.839655 37241.379310 
2000.000000 0.000000 3310.743671 1235.218966 37241.379310 
2000.000000 0.000000 3159.690095 1276.598276 37241.379310 
2000.000000 0.000000 3138.375444 1317.977586 37241.379310 
2000.000000 0.000000 3119.445582 1359.356897 37241.379310 
2000.000000 0.000000 3096.987805 1400.736207 37241.379310 
2000.000000 0.000000 3069.638615 1442.115517 37241.379310 
2000.000000 0.000000 3036.682775 1483.494828 37241.379310 
2000.000000 0.000000 2995.314525 1524.874138 37241.379310 
2000.000000 0.000000 2944.142278 1566.253448 37241.379310 
2000.000000 0.000000 2890.980497 1607.632759 37241.379310 
2000.000000 0.000000 2839.440550 1649.012069 37241.379310 
2000.000000 0.000000 2792.471880 1690.391379 37241.379310 
2000.000000 0.000000 2765.002099 1731.770690 37241.379310 
2000.000000 0.000000 2740.147758 1773.150000 37241.379310 
2000.000000 0.000000 2715.293417 1814.529310 37241.379310 
2000.000000 0.000000 2690.439076 1855.908621 37241.379310 
2000.000000 0.000000 2665.584735 1897.287931 37241.379310 
2000.000000 0.000000 2640.730395 1938.667241 37241.379310 
2000.000000 0.000000 3315.196029 573.150000 38793.103448 
2000.000000 0.000000 3313.136790 614.529310 38793.103448 
2000.000000 0.000000 3309.657558 655.908621 38793.103448 
2000.000000 0.000000 3306.223422 697.287931 38793.103448 
2000.000000 0.000000 3302.503181 738.667241 38793.103448 
2000.000000 0.000000 3298.743625 780.046552 38793.103448 
2000.000000 0.000000 3294.898813 821.425862 38793.103448 
2000.000000 0.000000 3290.984735 862.805172 38793.103448 
2000.000000 0.000000 3302.334935 904.184483 38793.103448 
2000.000000 0.000000 3306.999008 945.563793 38793.103448 
2000.000000 0.000000 3315.501143 986.943103 38793.103448 
2000.000000 0.000000 3330.315317 1028.322414 38793.103448 
2000.000000 0.000000 3332.932926 1069.701724 38793.103448 
2000.000000 0.000000 3328.764491 1111.081034 38793.103448 
2000.000000 0.000000 3324.582910 1152.460345 38793.103448 
2000.000000 0.000000 3320.404829 1193.839655 38793.103448 
2000.000000 0.000000 3316.234266 1235.218966 38793.103448 
2000.000000 0.000000 3223.170819 1276.598276 38793.103448 
2000.000000 0.000000 3150.834067 1317.977586 38793.103448 
2000.000000 0.000000 3133.835918 1359.356897 38793.103448 
2000.000000 0.000000 3114.041615 1400.736207 38793.103448 
2000.000000 0.000000 3090.459478 1442.115517 38793.103448 
2000.000000 0.000000 3061.581461 1483.494828 38793.103448 
2000.000000 0.000000 3028.405717 1524.874138 38793.103448 
2000.000000 0.000000 2983.452788 1566.253448 38793.103448 
2000.000000 0.000000 2931.175901 1607.632759 38793.103448 
2000.000000 0.000000 2878.073492 1649.012069 38793.103448 
2000.000000 0.000000 2827.975876 1690.391379 38793.103448 
2000.000000 0.000000 2785.710800 1731.770690 38793.103448 
2000.000000 0.000000 2759.382436 1773.150000 38793.103448 
2000.000000 0.000000 2733.054072 1814.529310 38793.103448 
2000.000000 0.000000 2706.725707 1855.908621 38793.103448 
2000.000000 0.000000 2680.397343 1897.287931 38793.103448 
2000.000000 0.000000 2654.068979 1938.667241 38793.103448 
2000.000000 0.000000 3323.263672 573.150000 40344.827586 
2000.000000 0.000000 3320.509818 614.529310 40344.827586 
2000.000000 0.000000 3316.888435 655.908621 40344.827586 
2000.000000 0.000000 3313.145598 697.287931 40344.827586 
2000.000000 0.000000 3309.353430 738.667241 40344.827586 
2000.000000 0.000000 3305.474128 780.046552 40344.827586 
2000.000000 0.000000 3301.530998 821.425862 40344.827586 
2000.000000 0.000000 3297.534682 862.805172 40344.827586 
2000.000000 0.000000 3305.486102 904.184483 40344.827586 
2000.000000 0.000000 3309.542179 945.563793 40344.827586 
2000.000000 0.000000 3317.106627 986.943103 40344.827586 
2000.000000 0.000000 3328.611195 1028.322414 40344.827586 
2000.000000 0.000000 3338.346900 1069.701724 40344.827586 
2000.000000 0.000000 3334.155257 1111.081034 40344.827586 
2000.000000 0.000000 3329.967066 1152.460345 40344.827586 
2000.000000 0.000000 3325.791486 1193.839655 40344.827586 
2000.000000 0.000000 3321.629217 1235.218966 40344.827586 
2000.000000 0.000000 3317.477851 1276.598276 40344.827586 
2000.000000 0.000000 3162.328235 1317.977586 40344.827586 
2000.000000 0.000000 3146.527311 1359.356897 40344.827586 
2000.000000 0.000000 3128.766073 1400.736207 40344.827586 
2000.000000 0.000000 3108.006975 1442.115517 40344.827586 
2000.000000 0.000000 3083.147437 1483.494828 40344.827586 
2000.000000 0.000000 3053.971869 1524.874138 40344.827586 
2000.000000 0.000000 3018.950786 1566.253448 40344.827586 
2000.000000 0.000000 2970.464323 1607.632759 40344.827586 
2000.000000 0.000000 2917.349865 1649.012069 40344.827586 
2000.000000 0.000000 2864.928551 1690.391379 40344.827586 
2000.000000 0.000000 2816.703570 1731.770690 40344.827586 
2000.000000 0.000000 2779.129343 1773.150000 40344.827586 
2000.000000 0.000000 2741.555115 1814.529310 40344.827586 
2000.000000 0.000000 2703.980888 1855.908621 40344.827586 
2000.000000 0.000000 2666.406661 1897.287931 40344.827586 
2000.000000 0.000000 2628.832434 1938.667241 40344.827586 
2000.000000 0.000000 3330.994227 573.150000 41896.551724 
2000.000000 0.000000 3327.467292 614.529310 41896.551724 
2000.000000 0.000000 3324.488904 655.908621 41896.551724 
2000.000000 0.000000 3319.894340 697.287931 41896.551724 
2000.000000 0.000000 3317.044267 738.667241 41896.551724 
2000.000000 0.000000 3311.818098 780.046552 41896.551724 
2000.000000 0.000000 3307.806475 821.425862 41896.551724 
2000.000000 0.000000 3303.754722 862.805172 41896.551724 
2000.000000 0.000000 3308.744320 904.184483 41896.551724 
2000.000000 0.000000 3312.262731 945.563793 41896.551724 
2000.000000 0.000000 3318.991393 986.943103 41896.551724 
2000.000000 0.000000 3329.370751 1028.322414 41896.551724 
2000.000000 0.000000 3343.664353 1069.701724 41896.551724 
2000.000000 0.000000 3339.454052 1111.081034 41896.551724 
2000.000000 0.000000 3335.261145 1152.460345 41896.551724 
2000.000000 0.000000 3331.088914 1193.839655 41896.551724 
2000.000000 0.000000 3326.935349 1235.218966 41896.551724 
2000.000000 0.000000 3322.796609 1276.598276 41896.551724 
2000.000000 0.000000 3318.668422 1317.977586 41896.551724 
2000.000000 0.000000 3157.919967 1359.356897 41896.551724 
2000.000000 0.000000 3141.737512 1400.736207 41896.551724 
2000.000000 0.000000 3123.132929 1442.115517 41896.551724 
2000.000000 0.000000 3101.289406 1483.494828 41896.551724 
2000.000000 0.000000 3075.358728 1524.874138 41896.551724 
2000.000000 0.000000 3045.378142 1566.253448 41896.551724 
2000.000000 0.000000 3007.522347 1607.632759 41896.551724 
2000.000000 0.000000 2956.455446 1649.012069 41896.551724 
2000.000000 0.000000 2902.996984 1690.391379 41896.551724 
2000.000000 0.000000 2851.864275 1731.770690 41896.551724 
2000.000000 0.000000 2805.736127 1773.150000 41896.551724 
2000.000000 0.000000 2759.607978 1814.529310 41896.551724 
2000.000000 0.000000 2713.479830 1855.908621 41896.551724 
2000.000000 0.000000 2667.351682 1897.287931 41896.551724 
2000.000000 0.000000 2621.223533 1938.667241 41896.551724 
2000.000000 0.000000 3336.285878 573.150000 43448.275862 
2000.000000 0.000000 3332.759169 614.529310 43448.275862 
2000.000000 0.000000 3329.177976 655.908621 43448.275862 
2000.000000 0.000000 3325.550072 697.287931 43448.275862 
2000.000000 0.000000 3321.882777 738.667241 43448.275862 
2000.000000 0.000000 3318.182239 780.046552 43448.275862 
2000.000000 0.000000 3314.453115 821.425862 43448.275862 
2000.000000 0.000000 3310.258140 862.805172 43448.275862 
2000.000000 0.000000 3312.093783 904.184483 43448.275862 
2000.000000 0.000000 3315.138084 945.563793 43448.275862 
2000.000000 0.000000 3321.123901 986.943103 43448.275862 
2000.000000 0.000000 3330.481738 1028.322414 43448.275862 
2000.000000 0.000000 3342.996828 1069.701724 43448.275862 
2000.000000 0.000000 3344.666580 1111.081034 43448.275862 
2000.000000 0.000000 3340.471014 1152.460345 43448.275862 
2000.000000 0.000000 3336.303056 1193.839655 43448.275862 
2000.000000 0.000000 3332.158614 1235.218966 43448.275862 
2000.000000 0.000000 3328.032680 1276.598276 43448.275862 
2000.000000 0.000000 3323.920237 1317.977586 43448.275862 
2000.000000 0.000000 3168.303075 1359.356897 43448.275862 
2000.000000 0.000000 3153.367031 1400.736207 43448.275862 
2000.000000 0.000000 3136.436370 1442.115517 43448.275862 
2000.000000 0.000000 3116.892467 1483.494828 43448.275862 
2000.000000 0.000000 3093.822542 1524.874138 43448.275862 
2000.000000 0.000000 3067.456951 1566.253448 43448.275862 
2000.000000 0.000000 3035.702972 1607.632759 43448.275862 
2000.000000 0.000000 2993.965558 1649.012069 43448.275862 
2000.000000 0.000000 2941.640967 1690.391379 43448.275862 
2000.000000 0.000000 2888.456472 1731.770690 43448.275862 
2000.000000 0.000000 2839.078542 1773.150000 43448.275862 
2000.000000 0.000000 2789.700611 1814.529310 43448.275862 
2000.000000 0.000000 2740.322681 1855.908621 43448.275862 
2000.000000 0.000000 2690.944751 1897.287931 43448.275862 
2000.000000 0.000000 2641.566821 1938.667241 43448.275862 
2000.000000 0.000000 3340.688818 573.150000 45000.000000 
2000.000000 0.000000 3337.171286 614.529310 45000.000000 
2000.000000 0.000000 3333.599406 655.908621 45000.000000 
2000.000000 0.000000 3329.980696 697.287931 45000.000000 
2000.000000 0.000000 3326.322466 738.667241 45000.000000 
2000.000000 0.000000 3322.631088 780.046552 45000.000000 
2000.000000 0.000000 3318.911642 821.425862 45000.000000 
2000.000000 0.000000 3315.044442 862.805172 45000.000000 
2000.000000 0.000000 3315.520313 904.184483 45000.000000 
2000.000000 0.000000 3318.147229 945.563793 45000.000000 
2000.000000 0.000000 3323.474531 986.943103 45000.000000 
2000.000000 0.000000 3331.910313 1028.322414 45000.000000 
2000.000000 0.000000 3343.406259 1069.701724 45000.000000 
2000.000000 0.000000 3349.798152 1111.081034 45000.000000 
2000.000000 0.000000 3345.601961 1152.460345 45000.000000 
2000.000000 0.000000 3341.439206 1193.839655 45000.000000 
2000.000000 0.000000 3337.304298 1235.218966 45000.000000 
2000.000000 0.000000 3333.191317 1276.598276 45000.000000 
2000.000000 0.000000 3329.094621 1317.977586 45000.000000 
2000.000000 0.000000 3325.009108 1359.356897 45000.000000 
2000.000000 0.000000 3170.576112 1400.736207 45000.000000 
2000.000000 0.000000 3148.344261 1442.115517 45000.000000 
2000.000000 0.000000 3130.586392 1483.494828 45000.000000 
2000.000000 0.000000 3109.988424 1524.874138 45000.000000 
2000.000000 0.000000 3086.225806 1566.253448 45000.000000 
2000.000000 0.000000 3058.621562 1607.632759 45000.000000 
2000.000000 0.000000 3024.936339 1649.012069 45000.000000 
2000.000000 0.000000 2979.442850 1690.391379 45000.000000 
2000.000000 0.000000 2926.295685 1731.770690 45000.000000 
2000.000000 0.000000 2873.997141 1773.150000 45000.000000 
2000.000000 0.000000 2821.698596 1814.529310 45000.000000 
2000.000000 0.000000 2769.400052 1855.908621 45000.000000 
2000.000000 0.000000 2717.101508 1897.287931 45000.000000 
2000.000000 0.000000 2664.802964 1938.667241 45000.000000 
