5
















































573.150000
41.379310
34
0.000000
1551.724138
30
2000.000000 0.000000 2685.433289 573.150000 0.000000 
2000.000000 0.000000 2685.442401 614.529310 0.000000 
2000.000000 0.000000 2681.255247 655.908621 0.000000 
2000.000000 0.000000 2673.992594 697.287931 0.000000 
2000.000000 0.000000 2670.249319 738.667241 0.000000 
2000.000000 0.000000 2670.351213 780.046552 0.000000 
2000.000000 0.000000 2669.785310 821.425862 0.000000 
2000.000000 0.000000 2658.280244 862.805172 0.000000 
2000.000000 0.000000 2655.551471 904.184483 0.000000 
2000.000000 0.000000 2653.310579 945.563793 0.000000 
2000.000000 0.000000 2653.498626 986.943103 0.000000 
2000.000000 0.000000 2510.962412 1028.322414 0.000000 
2000.000000 0.000000 2419.930093 1069.701724 0.000000 
2000.000000 0.000000 2379.132116 1111.081034 0.000000 
2000.000000 0.000000 2364.188753 1152.460345 0.000000 
2000.000000 0.000000 2356.032187 1193.839655 0.000000 
2000.000000 0.000000 2347.727559 1235.218966 0.000000 
2000.000000 0.000000 2339.413004 1276.598276 0.000000 
2000.000000 0.000000 2330.695756 1317.977586 0.000000 
2000.000000 0.000000 2321.672872 1359.356897 0.000000 
2000.000000 0.000000 2315.189782 1400.736207 0.000000 
2000.000000 0.000000 2309.476854 1442.115517 0.000000 
2000.000000 0.000000 2303.713743 1483.494828 0.000000 
2000.000000 0.000000 2297.901358 1524.874138 0.000000 
2000.000000 0.000000 2292.040359 1566.253448 0.000000 
2000.000000 0.000000 2286.131199 1607.632759 0.000000 
2000.000000 0.000000 2280.174131 1649.012069 0.000000 
2000.000000 0.000000 2274.169304 1690.391379 0.000000 
2000.000000 0.000000 2268.116760 1731.770690 0.000000 
2000.000000 0.000000 2262.016352 1773.150000 0.000000 
2000.000000 0.000000 2255.915945 1814.529310 0.000000 
2000.000000 0.000000 2249.815538 1855.908621 0.000000 
2000.000000 0.000000 2243.715131 1897.287931 0.000000 
2000.000000 0.000000 2237.614724 1938.667241 0.000000 
2000.000000 0.000000 2698.064130 573.150000 1551.724138 
2000.000000 0.000000 2694.036603 614.529310 1551.724138 
2000.000000 0.000000 2689.965463 655.908621 1551.724138 
2000.000000 0.000000 2686.621358 697.287931 1551.724138 
2000.000000 0.000000 2678.078226 738.667241 1551.724138 
2000.000000 0.000000 2675.020673 780.046552 1551.724138 
2000.000000 0.000000 2681.348832 821.425862 1551.724138 
2000.000000 0.000000 2673.840099 862.805172 1551.724138 
2000.000000 0.000000 2662.687180 904.184483 1551.724138 
2000.000000 0.000000 2659.962450 945.563793 1551.724138 
2000.000000 0.000000 2540.820413 986.943103 1551.724138 
2000.000000 0.000000 2496.432265 1028.322414 1551.724138 
2000.000000 0.000000 2465.731533 1069.701724 1551.724138 
2000.000000 0.000000 2432.832115 1111.081034 1551.724138 
2000.000000 0.000000 2397.326445 1152.460345 1551.724138 
2000.000000 0.000000 2381.093496 1193.839655 1551.724138 
2000.000000 0.000000 2370.970848 1235.218966 1551.724138 
2000.000000 0.000000 2363.030127 1276.598276 1551.724138 
2000.000000 0.000000 2354.708239 1317.977586 1551.724138 
2000.000000 0.000000 2346.125578 1359.356897 1551.724138 
2000.000000 0.000000 2337.217998 1400.736207 1551.724138 
2000.000000 0.000000 2331.544567 1442.115517 1551.724138 
2000.000000 0.000000 2325.897230 1483.494828 1551.724138 
2000.000000 0.000000 2320.202996 1524.874138 1551.724138 
2000.000000 0.000000 2314.462298 1566.253448 1551.724138 
2000.000000 0.000000 2308.675427 1607.632759 1551.724138 
2000.000000 0.000000 2302.842551 1649.012069 1551.724138 
2000.000000 0.000000 2296.963693 1690.391379 1551.724138 
2000.000000 0.000000 2291.038812 1731.770690 1551.724138 
2000.000000 0.000000 2285.067742 1773.150000 1551.724138 
2000.000000 0.000000 2279.096672 1814.529310 1551.724138 
2000.000000 0.000000 2273.125603 1855.908621 1551.724138 
2000.000000 0.000000 2267.154533 1897.287931 1551.724138 
2000.000000 0.000000 2261.183463 1938.667241 1551.724138 
2000.000000 0.000000 2706.451612 573.150000 3103.448276 
2000.000000 0.000000 2702.485639 614.529310 3103.448276 
2000.000000 0.000000 2698.517631 655.908621 3103.448276 
2000.000000 0.000000 2694.482172 697.287931 3103.448276 
2000.000000 0.000000 2688.322066 738.667241 3103.448276 
2000.000000 0.000000 2682.055170 780.046552 3103.448276 
2000.000000 0.000000 2678.866044 821.425862 3103.448276 
2000.000000 0.000000 2685.678759 862.805172 3103.448276 
2000.000000 0.000000 2677.760293 904.184483 3103.448276 
2000.000000 0.000000 2578.847878 945.563793 3103.448276 
2000.000000 0.000000 2564.911365 986.943103 3103.448276 
2000.000000 0.000000 2541.242248 1028.322414 3103.448276 
2000.000000 0.000000 2500.506175 1069.701724 3103.448276 
2000.000000 0.000000 2473.343423 1111.081034 3103.448276 
2000.000000 0.000000 2439.178860 1152.460345 3103.448276 
2000.000000 0.000000 2414.426337 1193.839655 3103.448276 
2000.000000 0.000000 2400.059047 1235.218966 3103.448276 
2000.000000 0.000000 2384.530328 1276.598276 3103.448276 
2000.000000 0.000000 2376.545326 1317.977586 3103.448276 
2000.000000 0.000000 2368.335480 1359.356897 3103.448276 
2000.000000 0.000000 2359.845875 1400.736207 3103.448276 
2000.000000 0.000000 2351.783327 1442.115517 3103.448276 
2000.000000 0.000000 2346.232074 1483.494828 3103.448276 
2000.000000 0.000000 2340.635855 1524.874138 3103.448276 
2000.000000 0.000000 2334.994966 1566.253448 3103.448276 
2000.000000 0.000000 2329.309540 1607.632759 3103.448276 
2000.000000 0.000000 2323.579655 1649.012069 3103.448276 
2000.000000 0.000000 2317.805236 1690.391379 3103.448276 
2000.000000 0.000000 2311.986185 1731.770690 3103.448276 
2000.000000 0.000000 2306.122289 1773.150000 3103.448276 
2000.000000 0.000000 2300.258393 1814.529310 3103.448276 
2000.000000 0.000000 2294.394497 1855.908621 3103.448276 
2000.000000 0.000000 2288.530601 1897.287931 3103.448276 
2000.000000 0.000000 2282.666706 1938.667241 3103.448276 
2000.000000 0.000000 2714.717028 573.150000 4655.172414 
2000.000000 0.000000 2710.792469 614.529310 4655.172414 
2000.000000 0.000000 2706.904495 655.908621 4655.172414 
2000.000000 0.000000 2703.003741 697.287931 4655.172414 
2000.000000 0.000000 2703.995543 738.667241 4655.172414 
2000.000000 0.000000 2702.380153 780.046552 4655.172414 
2000.000000 0.000000 2688.425312 821.425862 4655.172414 
2000.000000 0.000000 2696.726466 862.805172 4655.172414 
2000.000000 0.000000 2689.829528 904.184483 4655.172414 
2000.000000 0.000000 2599.405057 945.563793 4655.172414 
2000.000000 0.000000 2582.588034 986.943103 4655.172414 
2000.000000 0.000000 2567.516549 1028.322414 4655.172414 
2000.000000 0.000000 2531.997021 1069.701724 4655.172414 
2000.000000 0.000000 2505.686989 1111.081034 4655.172414 
2000.000000 0.000000 2476.837620 1152.460345 4655.172414 
2000.000000 0.000000 2441.050001 1193.839655 4655.172414 
2000.000000 0.000000 2428.351018 1235.218966 4655.172414 
2000.000000 0.000000 2414.923505 1276.598276 4655.172414 
2000.000000 0.000000 2399.909974 1317.977586 4655.172414 
2000.000000 0.000000 2388.706403 1359.356897 4655.172414 
2000.000000 0.000000 2380.573708 1400.736207 4655.172414 
2000.000000 0.000000 2372.138523 1442.115517 4655.172414 
2000.000000 0.000000 2365.050959 1483.494828 4655.172414 
2000.000000 0.000000 2359.537800 1524.874138 4655.172414 
2000.000000 0.000000 2353.981478 1566.253448 4655.172414 
2000.000000 0.000000 2348.382028 1607.632759 4655.172414 
2000.000000 0.000000 2342.739392 1649.012069 4655.172414 
2000.000000 0.000000 2337.053465 1690.391379 4655.172414 
2000.000000 0.000000 2331.324035 1731.770690 4655.172414 
2000.000000 0.000000 2325.550883 1773.150000 4655.172414 
2000.000000 0.000000 2319.777731 1814.529310 4655.172414 
2000.000000 0.000000 2314.004579 1855.908621 4655.172414 
2000.000000 0.000000 2308.231427 1897.287931 4655.172414 
2000.000000 0.000000 2302.458275 1938.667241 4655.172414 
2000.000000 0.000000 2724.011920 573.150000 6206.896552 
2000.000000 0.000000 2719.122193 614.529310 6206.896552 
2000.000000 0.000000 2715.140851 655.908621 6206.896552 
2000.000000 0.000000 2711.343522 697.287931 6206.896552 
2000.000000 0.000000 2712.578264 738.667241 6206.896552 
2000.000000 0.000000 2713.871351 780.046552 6206.896552 
2000.000000 0.000000 2712.706473 821.425862 6206.896552 
2000.000000 0.000000 2709.502339 862.805172 6206.896552 
2000.000000 0.000000 2700.911396 904.184483 6206.896552 
2000.000000 0.000000 2617.015734 945.563793 6206.896552 
2000.000000 0.000000 2602.261146 986.943103 6206.896552 
2000.000000 0.000000 2585.154194 1028.322414 6206.896552 
2000.000000 0.000000 2562.514796 1069.701724 6206.896552 
2000.000000 0.000000 2531.948638 1111.081034 6206.896552 
2000.000000 0.000000 2508.034150 1152.460345 6206.896552 
2000.000000 0.000000 2476.990138 1193.839655 6206.896552 
2000.000000 0.000000 2451.462271 1235.218966 6206.896552 
2000.000000 0.000000 2439.774233 1276.598276 6206.896552 
2000.000000 0.000000 2426.967663 1317.977586 6206.896552 
2000.000000 0.000000 2412.862153 1359.356897 6206.896552 
2000.000000 0.000000 2399.716116 1400.736207 6206.896552 
2000.000000 0.000000 2391.626697 1442.115517 6206.896552 
2000.000000 0.000000 2383.210366 1483.494828 6206.896552 
2000.000000 0.000000 2377.157474 1524.874138 6206.896552 
2000.000000 0.000000 2371.674028 1566.253448 6206.896552 
2000.000000 0.000000 2366.148650 1607.632759 6206.896552 
2000.000000 0.000000 2360.581202 1649.012069 6206.896552 
2000.000000 0.000000 2354.971487 1690.391379 6206.896552 
2000.000000 0.000000 2349.319273 1731.770690 6206.896552 
2000.000000 0.000000 2343.624282 1773.150000 6206.896552 
2000.000000 0.000000 2337.929291 1814.529310 6206.896552 
2000.000000 0.000000 2332.234300 1855.908621 6206.896552 
2000.000000 0.000000 2326.539308 1897.287931 6206.896552 
2000.000000 0.000000 2320.844317 1938.667241 6206.896552 
2000.000000 0.000000 2736.252476 573.150000 7758.620690 
2000.000000 0.000000 2730.981552 614.529310 7758.620690 
2000.000000 0.000000 2787.445176 655.908621 7758.620690 
2000.000000 0.000000 2736.044789 697.287931 7758.620690 
2000.000000 0.000000 2720.153501 738.667241 7758.620690 
2000.000000 0.000000 2724.726446 780.046552 7758.620690 
2000.000000 0.000000 2725.803826 821.425862 7758.620690 
2000.000000 0.000000 2724.816014 862.805172 7758.620690 
2000.000000 0.000000 2712.952048 904.184483 7758.620690 
2000.000000 0.000000 2632.633174 945.563793 7758.620690 
2000.000000 0.000000 2619.700255 986.943103 7758.620690 
2000.000000 0.000000 2604.198040 1028.322414 7758.620690 
2000.000000 0.000000 2583.804952 1069.701724 7758.620690 
2000.000000 0.000000 2553.958170 1111.081034 7758.620690 
2000.000000 0.000000 2533.737101 1152.460345 7758.620690 
2000.000000 0.000000 2507.927279 1193.839655 7758.620690 
2000.000000 0.000000 2473.664090 1235.218966 7758.620690 
2000.000000 0.000000 2460.720780 1276.598276 7758.620690 
2000.000000 0.000000 2449.378547 1317.977586 7758.620690 
2000.000000 0.000000 2437.075040 1359.356897 7758.620690 
2000.000000 0.000000 2423.603997 1400.736207 7758.620690 
2000.000000 0.000000 2409.725670 1442.115517 7758.620690 
2000.000000 0.000000 2401.647637 1483.494828 7758.620690 
2000.000000 0.000000 2393.684043 1524.874138 7758.620690 
2000.000000 0.000000 2388.264263 1566.253448 7758.620690 
2000.000000 0.000000 2382.803578 1607.632759 7758.620690 
2000.000000 0.000000 2377.301789 1649.012069 7758.620690 
2000.000000 0.000000 2371.758645 1690.391379 7758.620690 
2000.000000 0.000000 2366.173860 1731.770690 7758.620690 
2000.000000 0.000000 2360.547108 1773.150000 7758.620690 
2000.000000 0.000000 2354.920355 1814.529310 7758.620690 
2000.000000 0.000000 2349.293603 1855.908621 7758.620690 
2000.000000 0.000000 2343.666851 1897.287931 7758.620690 
2000.000000 0.000000 2338.040098 1938.667241 7758.620690 
2000.000000 0.000000 2801.165991 573.150000 9310.344828 
2000.000000 0.000000 2856.462705 614.529310 9310.344828 
2000.000000 0.000000 2852.105600 655.908621 9310.344828 
2000.000000 0.000000 2846.670558 697.287931 9310.344828 
2000.000000 0.000000 2817.874382 738.667241 9310.344828 
2000.000000 0.000000 2752.586941 780.046552 9310.344828 
2000.000000 0.000000 2744.277343 821.425862 9310.344828 
2000.000000 0.000000 2737.357068 862.805172 9310.344828 
2000.000000 0.000000 2665.834502 904.184483 9310.344828 
2000.000000 0.000000 2648.603254 945.563793 9310.344828 
2000.000000 0.000000 2634.962811 986.943103 9310.344828 
2000.000000 0.000000 2622.110317 1028.322414 9310.344828 
2000.000000 0.000000 2604.157380 1069.701724 9310.344828 
2000.000000 0.000000 2577.096891 1111.081034 9310.344828 
2000.000000 0.000000 2554.998931 1152.460345 9310.344828 
2000.000000 0.000000 2533.749059 1193.839655 9310.344828 
2000.000000 0.000000 2505.524585 1235.218966 9310.344828 
2000.000000 0.000000 2479.003415 1276.598276 9310.344828 
2000.000000 0.000000 2468.701344 1317.977586 9310.344828 
2000.000000 0.000000 2457.650810 1359.356897 9310.344828 
2000.000000 0.000000 2445.707824 1400.736207 9310.344828 
2000.000000 0.000000 2432.687562 1442.115517 9310.344828 
2000.000000 0.000000 2418.850769 1483.494828 9310.344828 
2000.000000 0.000000 2410.754368 1524.874138 9310.344828 
2000.000000 0.000000 2403.901806 1566.253448 9310.344828 
2000.000000 0.000000 2398.498271 1607.632759 9310.344828 
2000.000000 0.000000 2393.054479 1649.012069 9310.344828 
2000.000000 0.000000 2387.570130 1690.391379 9310.344828 
2000.000000 0.000000 2382.044886 1731.770690 9310.344828 
2000.000000 0.000000 2376.478404 1773.150000 9310.344828 
2000.000000 0.000000 2370.911922 1814.529310 9310.344828 
2000.000000 0.000000 2365.345439 1855.908621 9310.344828 
2000.000000 0.000000 2359.778957 1897.287931 9310.344828 
2000.000000 0.000000 2354.212475 1938.667241 9310.344828 
2000.000000 0.000000 2979.084180 573.150000 10862.068966 
2000.000000 0.000000 2976.781742 614.529310 10862.068966 
2000.000000 0.000000 2860.375368 655.908621 10862.068966 
2000.000000 0.000000 2855.855825 697.287931 10862.068966 
2000.000000 0.000000 2850.194400 738.667241 10862.068966 
2000.000000 0.000000 2832.280719 780.046552 10862.068966 
2000.000000 0.000000 2772.890710 821.425862 10862.068966 
2000.000000 0.000000 2750.897878 862.805172 10862.068966 
2000.000000 0.000000 2684.569905 904.184483 10862.068966 
2000.000000 0.000000 2664.657322 945.563793 10862.068966 
2000.000000 0.000000 2649.698182 986.943103 10862.068966 
2000.000000 0.000000 2637.713393 1028.322414 10862.068966 
2000.000000 0.000000 2624.286571 1069.701724 10862.068966 
2000.000000 0.000000 2602.024538 1111.081034 10862.068966 
2000.000000 0.000000 2576.612437 1152.460345 10862.068966 
2000.000000 0.000000 2556.363044 1193.839655 10862.068966 
2000.000000 0.000000 2532.210696 1235.218966 10862.068966 
2000.000000 0.000000 2501.066148 1276.598276 10862.068966 
2000.000000 0.000000 2485.822310 1317.977586 10862.068966 
2000.000000 0.000000 2475.692092 1359.356897 10862.068966 
2000.000000 0.000000 2464.850898 1400.736207 10862.068966 
2000.000000 0.000000 2453.164713 1442.115517 10862.068966 
2000.000000 0.000000 2440.464515 1483.494828 10862.068966 
2000.000000 0.000000 2427.181786 1524.874138 10862.068966 
2000.000000 0.000000 2419.039088 1566.253448 10862.068966 
2000.000000 0.000000 2413.353520 1607.632759 10862.068966 
2000.000000 0.000000 2407.961443 1649.012069 10862.068966 
2000.000000 0.000000 2402.529512 1690.391379 10862.068966 
2000.000000 0.000000 2397.057362 1731.770690 10862.068966 
2000.000000 0.000000 2391.544603 1773.150000 10862.068966 
2000.000000 0.000000 2386.031844 1814.529310 10862.068966 
2000.000000 0.000000 2380.519084 1855.908621 10862.068966 
2000.000000 0.000000 2375.006325 1897.287931 10862.068966 
2000.000000 0.000000 2369.493566 1938.667241 10862.068966 
2000.000000 0.000000 2972.179863 573.150000 12413.793103 
2000.000000 0.000000 2984.389811 614.529310 12413.793103 
2000.000000 0.000000 2981.116079 655.908621 12413.793103 
2000.000000 0.000000 2977.612879 697.287931 12413.793103 
2000.000000 0.000000 2860.085677 738.667241 12413.793103 
2000.000000 0.000000 2853.647514 780.046552 12413.793103 
2000.000000 0.000000 2848.928131 821.425862 12413.793103 
2000.000000 0.000000 2800.413343 862.805172 12413.793103 
2000.000000 0.000000 2708.791298 904.184483 12413.793103 
2000.000000 0.000000 2688.054620 945.563793 12413.793103 
2000.000000 0.000000 2666.824670 986.943103 12413.793103 
2000.000000 0.000000 2655.750091 1028.322414 12413.793103 
2000.000000 0.000000 2643.992549 1069.701724 12413.793103 
2000.000000 0.000000 2625.604164 1111.081034 12413.793103 
2000.000000 0.000000 2595.997122 1152.460345 12413.793103 
2000.000000 0.000000 2579.148156 1193.839655 12413.793103 
2000.000000 0.000000 2557.537778 1235.218966 12413.793103 
2000.000000 0.000000 2529.242597 1276.598276 12413.793103 
2000.000000 0.000000 2501.288925 1317.977586 12413.793103 
2000.000000 0.000000 2491.864346 1359.356897 12413.793103 
2000.000000 0.000000 2481.854342 1400.736207 12413.793103 
2000.000000 0.000000 2471.158379 1442.115517 12413.793103 
2000.000000 0.000000 2459.650221 1483.494828 12413.793103 
2000.000000 0.000000 2447.172501 1524.874138 12413.793103 
2000.000000 0.000000 2434.790386 1566.253448 12413.793103 
2000.000000 0.000000 2427.467446 1607.632759 12413.793103 
2000.000000 0.000000 2422.121856 1649.012069 12413.793103 
2000.000000 0.000000 2416.737048 1690.391379 12413.793103 
2000.000000 0.000000 2411.312618 1731.770690 12413.793103 
2000.000000 0.000000 2405.848148 1773.150000 12413.793103 
2000.000000 0.000000 2400.383678 1814.529310 12413.793103 
2000.000000 0.000000 2394.919208 1855.908621 12413.793103 
2000.000000 0.000000 2389.454738 1897.287931 12413.793103 
2000.000000 0.000000 2383.990269 1938.667241 12413.793103 
2000.000000 0.000000 2979.796126 573.150000 13965.517241 
2000.000000 0.000000 2993.884780 614.529310 13965.517241 
2000.000000 0.000000 2988.852687 655.908621 13965.517241 
2000.000000 0.000000 2985.123399 697.287931 13965.517241 
2000.000000 0.000000 2980.445497 738.667241 13965.517241 
2000.000000 0.000000 2975.611064 780.046552 13965.517241 
2000.000000 0.000000 2892.550967 821.425862 13965.517241 
2000.000000 0.000000 2857.117720 862.805172 13965.517241 
2000.000000 0.000000 2773.986702 904.184483 13965.517241 
2000.000000 0.000000 2715.447474 945.563793 13965.517241 
2000.000000 0.000000 2684.434143 986.943103 13965.517241 
2000.000000 0.000000 2673.554660 1028.322414 13965.517241 
2000.000000 0.000000 2661.292272 1069.701724 13965.517241 
2000.000000 0.000000 2646.271015 1111.081034 13965.517241 
2000.000000 0.000000 2620.603953 1152.460345 13965.517241 
2000.000000 0.000000 2598.409012 1193.839655 13965.517241 
2000.000000 0.000000 2580.431586 1235.218966 13965.517241 
2000.000000 0.000000 2557.171161 1276.598276 13965.517241 
2000.000000 0.000000 2526.231016 1317.977586 13965.517241 
2000.000000 0.000000 2506.597354 1359.356897 13965.517241 
2000.000000 0.000000 2497.237451 1400.736207 13965.517241 
2000.000000 0.000000 2487.305000 1442.115517 13965.517241 
2000.000000 0.000000 2476.702862 1483.494828 13965.517241 
2000.000000 0.000000 2465.310686 1524.874138 13965.517241 
2000.000000 0.000000 2452.979544 1566.253448 13965.517241 
2000.000000 0.000000 2441.733919 1607.632759 13965.517241 
2000.000000 0.000000 2435.617504 1649.012069 13965.517241 
2000.000000 0.000000 2430.275351 1690.391379 13965.517241 
2000.000000 0.000000 2424.894119 1731.770690 13965.517241 
2000.000000 0.000000 2419.473365 1773.150000 13965.517241 
2000.000000 0.000000 2414.052611 1814.529310 13965.517241 
2000.000000 0.000000 2408.631857 1855.908621 13965.517241 
2000.000000 0.000000 2403.211103 1897.287931 13965.517241 
2000.000000 0.000000 2397.790349 1938.667241 13965.517241 
2000.000000 0.000000 2988.377995 573.150000 15517.241379 
2000.000000 0.000000 2982.500175 614.529310 15517.241379 
2000.000000 0.000000 2996.884902 655.908621 15517.241379 
2000.000000 0.000000 2992.529305 697.287931 15517.241379 
2000.000000 0.000000 2987.959142 738.667241 15517.241379 
2000.000000 0.000000 2983.244351 780.046552 15517.241379 
2000.000000 0.000000 2978.374095 821.425862 15517.241379 
2000.000000 0.000000 2946.295231 862.805172 15517.241379 
2000.000000 0.000000 2849.816845 904.184483 15517.241379 
2000.000000 0.000000 2785.349606 945.563793 15517.241379 
2000.000000 0.000000 2719.264379 986.943103 15517.241379 
2000.000000 0.000000 2689.239237 1028.322414 15517.241379 
2000.000000 0.000000 2678.298624 1069.701724 15517.241379 
2000.000000 0.000000 2665.422168 1111.081034 15517.241379 
2000.000000 0.000000 2641.881112 1152.460345 15517.241379 
2000.000000 0.000000 2620.865759 1193.839655 15517.241379 
2000.000000 0.000000 2599.592295 1235.218966 15517.241379 
2000.000000 0.000000 2580.409308 1276.598276 15517.241379 
2000.000000 0.000000 2556.041638 1317.977586 15517.241379 
2000.000000 0.000000 2524.191259 1359.356897 15517.241379 
2000.000000 0.000000 2511.347789 1400.736207 15517.241379 
2000.000000 0.000000 2502.022515 1442.115517 15517.241379 
2000.000000 0.000000 2492.131811 1483.494828 15517.241379 
2000.000000 0.000000 2481.581176 1524.874138 15517.241379 
2000.000000 0.000000 2470.254497 1566.253448 15517.241379 
2000.000000 0.000000 2458.008610 1607.632759 15517.241379 
2000.000000 0.000000 2448.516737 1649.012069 15517.241379 
2000.000000 0.000000 2443.213443 1690.391379 15517.241379 
2000.000000 0.000000 2437.871558 1731.770690 15517.241379 
2000.000000 0.000000 2432.490617 1773.150000 15517.241379 
2000.000000 0.000000 2427.109676 1814.529310 15517.241379 
2000.000000 0.000000 2421.728735 1855.908621 15517.241379 
2000.000000 0.000000 2416.347795 1897.287931 15517.241379 
2000.000000 0.000000 2410.966854 1938.667241 15517.241379 
2000.000000 0.000000 2996.858096 573.150000 17068.965517 
2000.000000 0.000000 2989.041698 614.529310 17068.965517 
2000.000000 0.000000 2980.221416 655.908621 17068.965517 
2000.000000 0.000000 2999.835674 697.287931 17068.965517 
2000.000000 0.000000 2995.367732 738.667241 17068.965517 
2000.000000 0.000000 2990.763610 780.046552 17068.965517 
2000.000000 0.000000 2986.018684 821.425862 17068.965517 
2000.000000 0.000000 2981.117621 862.805172 17068.965517 
2000.000000 0.000000 2930.814635 904.184483 17068.965517 
2000.000000 0.000000 2897.832958 945.563793 17068.965517 
2000.000000 0.000000 2814.039229 986.943103 17068.965517 
2000.000000 0.000000 2712.218671 1028.322414 17068.965517 
2000.000000 0.000000 2698.898498 1069.701724 17068.965517 
2000.000000 0.000000 2685.768801 1111.081034 17068.965517 
2000.000000 0.000000 2668.139939 1152.460345 17068.965517 
2000.000000 0.000000 2643.767238 1193.839655 17068.965517 
2000.000000 0.000000 2621.423005 1235.218966 17068.965517 
2000.000000 0.000000 2599.614618 1276.598276 17068.965517 
2000.000000 0.000000 2579.682194 1317.977586 17068.965517 
2000.000000 0.000000 2554.762553 1359.356897 17068.965517 
2000.000000 0.000000 2524.428970 1400.736207 17068.965517 
2000.000000 0.000000 2515.598969 1442.115517 17068.965517 
2000.000000 0.000000 2506.282089 1483.494828 17068.965517 
2000.000000 0.000000 2496.402541 1524.874138 17068.965517 
2000.000000 0.000000 2485.867623 1566.253448 17068.965517 
2000.000000 0.000000 2474.563946 1607.632759 17068.965517 
2000.000000 0.000000 2462.352014 1649.012069 17068.965517 
2000.000000 0.000000 2455.609654 1690.391379 17068.965517 
2000.000000 0.000000 2450.303803 1731.770690 17068.965517 
2000.000000 0.000000 2444.959320 1773.150000 17068.965517 
2000.000000 0.000000 2439.614838 1814.529310 17068.965517 
2000.000000 0.000000 2434.270356 1855.908621 17068.965517 
2000.000000 0.000000 2428.925873 1897.287931 17068.965517 
2000.000000 0.000000 2423.581391 1938.667241 17068.965517 
2000.000000 0.000000 3004.924072 573.150000 18620.689655 
2000.000000 0.000000 2997.690648 614.529310 18620.689655 
2000.000000 0.000000 2991.730933 655.908621 18620.689655 
2000.000000 0.000000 3006.944481 697.287931 18620.689655 
2000.000000 0.000000 3002.678159 738.667241 18620.689655 
2000.000000 0.000000 2998.177366 780.046552 18620.689655 
2000.000000 0.000000 2993.547929 821.425862 18620.689655 
2000.000000 0.000000 2988.780390 862.805172 18620.689655 
2000.000000 0.000000 2983.856842 904.184483 18620.689655 
2000.000000 0.000000 2931.754074 945.563793 18620.689655 
2000.000000 0.000000 2919.363308 986.943103 18620.689655 
2000.000000 0.000000 2834.435116 1028.322414 18620.689655 
2000.000000 0.000000 2723.669941 1069.701724 18620.689655 
2000.000000 0.000000 2705.610585 1111.081034 18620.689655 
2000.000000 0.000000 2689.464802 1152.460345 18620.689655 
2000.000000 0.000000 2662.794922 1193.839655 18620.689655 
2000.000000 0.000000 2644.922937 1235.218966 18620.689655 
2000.000000 0.000000 2624.497803 1276.598276 18620.689655 
2000.000000 0.000000 2598.955003 1317.977586 18620.689655 
2000.000000 0.000000 2578.862204 1359.356897 18620.689655 
2000.000000 0.000000 2553.099708 1400.736207 18620.689655 
2000.000000 0.000000 2528.240947 1442.115517 18620.689655 
2000.000000 0.000000 2519.397349 1483.494828 18620.689655 
2000.000000 0.000000 2510.065734 1524.874138 18620.689655 
2000.000000 0.000000 2500.170657 1566.253448 18620.689655 
2000.000000 0.000000 2489.620367 1607.632759 18620.689655 
2000.000000 0.000000 2478.302841 1649.012069 18620.689655 
2000.000000 0.000000 2467.513787 1690.391379 18620.689655 
2000.000000 0.000000 2462.241100 1731.770690 18620.689655 
2000.000000 0.000000 2456.930168 1773.150000 18620.689655 
2000.000000 0.000000 2451.619236 1814.529310 18620.689655 
2000.000000 0.000000 2446.308304 1855.908621 18620.689655 
2000.000000 0.000000 2440.997372 1897.287931 18620.689655 
2000.000000 0.000000 2435.686440 1938.667241 18620.689655 
2000.000000 0.000000 3012.628466 573.150000 20172.413793 
2000.000000 0.000000 3005.921247 614.529310 20172.413793 
2000.000000 0.000000 2997.334169 655.908621 20172.413793 
2000.000000 0.000000 2990.034434 697.287931 20172.413793 
2000.000000 0.000000 3009.896230 738.667241 20172.413793 
2000.000000 0.000000 3005.492797 780.046552 20172.413793 
2000.000000 0.000000 3000.970996 821.425862 20172.413793 
2000.000000 0.000000 2996.326068 862.805172 20172.413793 
2000.000000 0.000000 2991.546740 904.184483 20172.413793 
2000.000000 0.000000 2943.173952 945.563793 20172.413793 
2000.000000 0.000000 2932.932662 986.943103 20172.413793 
2000.000000 0.000000 2922.556971 1028.322414 20172.413793 
2000.000000 0.000000 2841.442137 1069.701724 20172.413793 
2000.000000 0.000000 2735.651087 1111.081034 20172.413793 
2000.000000 0.000000 2711.197611 1152.460345 20172.413793 
2000.000000 0.000000 2682.533465 1193.839655 20172.413793 
2000.000000 0.000000 2664.335849 1235.218966 20172.413793 
2000.000000 0.000000 2645.070069 1276.598276 20172.413793 
2000.000000 0.000000 2623.426237 1317.977586 20172.413793 
2000.000000 0.000000 2598.306337 1359.356897 20172.413793 
2000.000000 0.000000 2577.878510 1400.736207 20172.413793 
2000.000000 0.000000 2550.526561 1442.115517 20172.413793 
2000.000000 0.000000 2531.655803 1483.494828 20172.413793 
2000.000000 0.000000 2522.780537 1524.874138 20172.413793 
2000.000000 0.000000 2513.413481 1566.253448 20172.413793 
2000.000000 0.000000 2503.479060 1607.632759 20172.413793 
2000.000000 0.000000 2492.885579 1649.012069 20172.413793 
2000.000000 0.000000 2481.521224 1690.391379 20172.413793 
2000.000000 0.000000 2473.726721 1731.770690 20172.413793 
2000.000000 0.000000 2468.446802 1773.150000 20172.413793 
2000.000000 0.000000 2463.166883 1814.529310 20172.413793 
2000.000000 0.000000 2457.886964 1855.908621 20172.413793 
2000.000000 0.000000 2452.607045 1897.287931 20172.413793 
2000.000000 0.000000 2447.327126 1938.667241 20172.413793 
2000.000000 0.000000 3020.076097 573.150000 21724.137931 
2000.000000 0.000000 3013.871038 614.529310 21724.137931 
2000.000000 0.000000 3005.289346 655.908621 21724.137931 
2000.000000 0.000000 2998.598128 697.287931 21724.137931 
2000.000000 0.000000 3016.899210 738.667241 21724.137931 
2000.000000 0.000000 3012.716087 780.046552 21724.137931 
2000.000000 0.000000 3008.295569 821.425862 21724.137931 
2000.000000 0.000000 3003.764653 862.805172 21724.137931 
2000.000000 0.000000 2999.117330 904.184483 21724.137931 
2000.000000 0.000000 2997.164473 945.563793 21724.137931 
2000.000000 0.000000 2948.272078 986.943103 21724.137931 
2000.000000 0.000000 2938.954925 1028.322414 21724.137931 
2000.000000 0.000000 2926.029299 1069.701724 21724.137931 
2000.000000 0.000000 2854.065789 1111.081034 21724.137931 
2000.000000 0.000000 2749.087145 1152.460345 21724.137931 
2000.000000 0.000000 2716.767929 1193.839655 21724.137931 
2000.000000 0.000000 2685.287938 1235.218966 21724.137931 
2000.000000 0.000000 2665.038265 1276.598276 21724.137931 
2000.000000 0.000000 2644.295171 1317.977586 21724.137931 
2000.000000 0.000000 2621.850950 1359.356897 21724.137931 
2000.000000 0.000000 2598.427668 1400.736207 21724.137931 
2000.000000 0.000000 2576.132798 1442.115517 21724.137931 
2000.000000 0.000000 2556.389931 1483.494828 21724.137931 
2000.000000 0.000000 2538.132984 1524.874138 21724.137931 
2000.000000 0.000000 2525.779450 1566.253448 21724.137931 
2000.000000 0.000000 2516.358056 1607.632759 21724.137931 
2000.000000 0.000000 2506.362467 1649.012069 21724.137931 
2000.000000 0.000000 2495.700233 1690.391379 21724.137931 
2000.000000 0.000000 2484.798231 1731.770690 21724.137931 
2000.000000 0.000000 2479.547093 1773.150000 21724.137931 
2000.000000 0.000000 2474.295954 1814.529310 21724.137931 
2000.000000 0.000000 2469.044816 1855.908621 21724.137931 
2000.000000 0.000000 2463.793678 1897.287931 21724.137931 
2000.000000 0.000000 2458.542539 1938.667241 21724.137931 
2000.000000 0.000000 3023.448392 573.150000 23275.862069 
2000.000000 0.000000 3021.579551 614.529310 23275.862069 
2000.000000 0.000000 3014.696510 655.908621 23275.862069 
2000.000000 0.000000 3006.746760 697.287931 23275.862069 
2000.000000 0.000000 2999.596664 738.667241 23275.862069 
2000.000000 0.000000 3019.852651 780.046552 23275.862069 
2000.000000 0.000000 3015.528228 821.425862 23275.862069 
2000.000000 0.000000 3012.378420 862.805172 23275.862069 
2000.000000 0.000000 3013.485514 904.184483 23275.862069 
2000.000000 0.000000 3013.676362 945.563793 23275.862069 
2000.000000 0.000000 3012.764814 986.943103 23275.862069 
2000.000000 0.000000 2953.911543 1028.322414 23275.862069 
2000.000000 0.000000 2942.616353 1069.701724 23275.862069 
2000.000000 0.000000 2927.373938 1111.081034 23275.862069 
2000.000000 0.000000 2851.994996 1152.460345 23275.862069 
2000.000000 0.000000 2776.921431 1193.839655 23275.862069 
2000.000000 0.000000 2714.179277 1235.218966 23275.862069 
2000.000000 0.000000 2687.366183 1276.598276 23275.862069 
2000.000000 0.000000 2664.727434 1317.977586 23275.862069 
2000.000000 0.000000 2642.861421 1359.356897 23275.862069 
2000.000000 0.000000 2619.944572 1400.736207 23275.862069 
2000.000000 0.000000 2596.829696 1442.115517 23275.862069 
2000.000000 0.000000 2577.204738 1483.494828 23275.862069 
2000.000000 0.000000 2561.757144 1524.874138 23275.862069 
2000.000000 0.000000 2544.041740 1566.253448 23275.862069 
2000.000000 0.000000 2529.568870 1607.632759 23275.862069 
2000.000000 0.000000 2518.926433 1649.012069 23275.862069 
2000.000000 0.000000 2508.849166 1690.391379 23275.862069 
2000.000000 0.000000 2498.093979 1731.770690 23275.862069 
2000.000000 0.000000 2490.264154 1773.150000 23275.862069 
2000.000000 0.000000 2482.434329 1814.529310 23275.862069 
2000.000000 0.000000 2474.604503 1855.908621 23275.862069 
2000.000000 0.000000 2466.774678 1897.287931 23275.862069 
2000.000000 0.000000 2458.944853 1938.667241 23275.862069 
2000.000000 0.000000 3030.422573 573.150000 24827.586207 
2000.000000 0.000000 3028.883358 614.529310 24827.586207 
2000.000000 0.000000 3020.406603 655.908621 24827.586207 
2000.000000 0.000000 3014.573384 697.287931 24827.586207 
2000.000000 0.000000 3007.971567 738.667241 24827.586207 
2000.000000 0.000000 3026.777951 780.046552 24827.586207 
2000.000000 0.000000 3026.792832 821.425862 24827.586207 
2000.000000 0.000000 3027.985908 862.805172 24827.586207 
2000.000000 0.000000 3028.536812 904.184483 24827.586207 
2000.000000 0.000000 3028.256233 945.563793 24827.586207 
2000.000000 0.000000 3027.111822 986.943103 24827.586207 
2000.000000 0.000000 2967.730463 1028.322414 24827.586207 
2000.000000 0.000000 2957.617811 1069.701724 24827.586207 
2000.000000 0.000000 2944.550572 1111.081034 24827.586207 
2000.000000 0.000000 2910.755851 1152.460345 24827.586207 
2000.000000 0.000000 2833.447613 1193.839655 24827.586207 
2000.000000 0.000000 2778.944547 1235.218966 24827.586207 
2000.000000 0.000000 2718.792375 1276.598276 24827.586207 
2000.000000 0.000000 2687.813530 1317.977586 24827.586207 
2000.000000 0.000000 2663.324345 1359.356897 24827.586207 
2000.000000 0.000000 2640.985262 1400.736207 24827.586207 
2000.000000 0.000000 2617.594595 1442.115517 24827.586207 
2000.000000 0.000000 2595.670371 1483.494828 24827.586207 
2000.000000 0.000000 2581.408078 1524.874138 24827.586207 
2000.000000 0.000000 2566.280927 1566.253448 24827.586207 
2000.000000 0.000000 2548.997398 1607.632759 24827.586207 
2000.000000 0.000000 2534.143661 1649.012069 24827.586207 
2000.000000 0.000000 2521.140880 1690.391379 24827.586207 
2000.000000 0.000000 2510.962150 1731.770690 24827.586207 
2000.000000 0.000000 2500.627117 1773.150000 24827.586207 
2000.000000 0.000000 2490.292084 1814.529310 24827.586207 
2000.000000 0.000000 2479.957051 1855.908621 24827.586207 
2000.000000 0.000000 2469.622018 1897.287931 24827.586207 
2000.000000 0.000000 2459.286985 1938.667241 24827.586207 
2000.000000 0.000000 3041.032627 573.150000 26379.310345 
2000.000000 0.000000 3058.970823 614.529310 26379.310345 
2000.000000 0.000000 3044.992942 655.908621 26379.310345 
2000.000000 0.000000 3022.143452 697.287931 26379.310345 
2000.000000 0.000000 3015.978631 738.667241 26379.310345 
2000.000000 0.000000 3034.362147 780.046552 26379.310345 
2000.000000 0.000000 3041.726569 821.425862 26379.310345 
2000.000000 0.000000 3042.394195 862.805172 26379.310345 
2000.000000 0.000000 3042.357454 904.184483 26379.310345 
2000.000000 0.000000 3041.600762 945.563793 26379.310345 
2000.000000 0.000000 3040.151128 986.943103 26379.310345 
2000.000000 0.000000 3038.011687 1028.322414 26379.310345 
2000.000000 0.000000 2971.408663 1069.701724 26379.310345 
2000.000000 0.000000 2959.917908 1111.081034 26379.310345 
2000.000000 0.000000 2945.162983 1152.460345 26379.310345 
2000.000000 0.000000 2915.326588 1193.839655 26379.310345 
2000.000000 0.000000 2827.170570 1235.218966 26379.310345 
2000.000000 0.000000 2773.910551 1276.598276 26379.310345 
2000.000000 0.000000 2718.581450 1317.977586 26379.310345 
2000.000000 0.000000 2686.077669 1359.356897 26379.310345 
2000.000000 0.000000 2661.150760 1400.736207 26379.310345 
2000.000000 0.000000 2638.741024 1442.115517 26379.310345 
2000.000000 0.000000 2614.549207 1483.494828 26379.310345 
2000.000000 0.000000 2597.861123 1524.874138 26379.310345 
2000.000000 0.000000 2584.384970 1566.253448 26379.310345 
2000.000000 0.000000 2570.080465 1607.632759 26379.310345 
2000.000000 0.000000 2553.133851 1649.012069 26379.310345 
2000.000000 0.000000 2537.903032 1690.391379 26379.310345 
2000.000000 0.000000 2523.502331 1731.770690 26379.310345 
2000.000000 0.000000 2512.719980 1773.150000 26379.310345 
2000.000000 0.000000 2501.937630 1814.529310 26379.310345 
2000.000000 0.000000 2491.155279 1855.908621 26379.310345 
2000.000000 0.000000 2480.372929 1897.287931 26379.310345 
2000.000000 0.000000 2469.590578 1938.667241 26379.310345 
2000.000000 0.000000 3150.079310 573.150000 27931.034483 
2000.000000 0.000000 3145.649952 614.529310 27931.034483 
2000.000000 0.000000 3131.739777 655.908621 27931.034483 
2000.000000 0.000000 3105.714976 697.287931 27931.034483 
2000.000000 0.000000 3100.728857 738.667241 27931.034483 
2000.000000 0.000000 3022.959263 780.046552 27931.034483 
2000.000000 0.000000 3055.844776 821.425862 27931.034483 
2000.000000 0.000000 3055.900743 862.805172 27931.034483 
2000.000000 0.000000 3055.303258 904.184483 27931.034483 
2000.000000 0.000000 3054.094481 945.563793 27931.034483 
2000.000000 0.000000 3052.317852 986.943103 27931.034483 
2000.000000 0.000000 3049.994958 1028.322414 27931.034483 
2000.000000 0.000000 3047.109556 1069.701724 27931.034483 
2000.000000 0.000000 2973.927102 1111.081034 27931.034483 
2000.000000 0.000000 2961.242219 1152.460345 27931.034483 
2000.000000 0.000000 2941.681103 1193.839655 27931.034483 
2000.000000 0.000000 2912.873782 1235.218966 27931.034483 
2000.000000 0.000000 2819.594787 1276.598276 27931.034483 
2000.000000 0.000000 2760.071748 1317.977586 27931.034483 
2000.000000 0.000000 2714.868706 1359.356897 27931.034483 
2000.000000 0.000000 2683.016030 1400.736207 27931.034483 
2000.000000 0.000000 2658.710753 1442.115517 27931.034483 
2000.000000 0.000000 2635.903906 1483.494828 27931.034483 
2000.000000 0.000000 2614.137222 1524.874138 27931.034483 
2000.000000 0.000000 2599.653795 1566.253448 27931.034483 
2000.000000 0.000000 2586.554609 1607.632759 27931.034483 
2000.000000 0.000000 2572.626541 1649.012069 27931.034483 
2000.000000 0.000000 2556.552022 1690.391379 27931.034483 
2000.000000 0.000000 2540.945642 1731.770690 27931.034483 
2000.000000 0.000000 2526.553399 1773.150000 27931.034483 
2000.000000 0.000000 2512.161155 1814.529310 27931.034483 
2000.000000 0.000000 2497.768911 1855.908621 27931.034483 
2000.000000 0.000000 2483.376667 1897.287931 27931.034483 
2000.000000 0.000000 2468.984424 1938.667241 27931.034483 
2000.000000 0.000000 3157.157870 573.150000 29482.758621 
2000.000000 0.000000 3122.166303 614.529310 29482.758621 
2000.000000 0.000000 3143.598706 655.908621 29482.758621 
2000.000000 0.000000 3111.328854 697.287931 29482.758621 
2000.000000 0.000000 3113.549568 738.667241 29482.758621 
2000.000000 0.000000 3114.835897 780.046552 29482.758621 
2000.000000 0.000000 3152.720732 821.425862 29482.758621 
2000.000000 0.000000 3153.506569 862.805172 29482.758621 
2000.000000 0.000000 3153.738739 904.184483 29482.758621 
2000.000000 0.000000 3153.472909 945.563793 29482.758621 
2000.000000 0.000000 3152.756384 986.943103 29482.758621 
2000.000000 0.000000 3061.301562 1028.322414 29482.758621 
2000.000000 0.000000 3058.317485 1069.701724 29482.758621 
2000.000000 0.000000 2986.837595 1111.081034 29482.758621 
2000.000000 0.000000 2975.605251 1152.460345 29482.758621 
2000.000000 0.000000 2959.848030 1193.839655 29482.758621 
2000.000000 0.000000 2935.629362 1235.218966 29482.758621 
2000.000000 0.000000 2904.519122 1276.598276 29482.758621 
2000.000000 0.000000 2858.184190 1317.977586 29482.758621 
2000.000000 0.000000 2751.494835 1359.356897 29482.758621 
2000.000000 0.000000 2709.682206 1400.736207 29482.758621 
2000.000000 0.000000 2680.476856 1442.115517 29482.758621 
2000.000000 0.000000 2656.473868 1483.494828 29482.758621 
2000.000000 0.000000 2635.311723 1524.874138 29482.758621 
2000.000000 0.000000 2615.098990 1566.253448 29482.758621 
2000.000000 0.000000 2601.325593 1607.632759 29482.758621 
2000.000000 0.000000 2588.240452 1649.012069 29482.758621 
2000.000000 0.000000 2574.381655 1690.391379 29482.758621 
2000.000000 0.000000 2559.328386 1731.770690 29482.758621 
2000.000000 0.000000 2543.346585 1773.150000 29482.758621 
2000.000000 0.000000 2527.364784 1814.529310 29482.758621 
2000.000000 0.000000 2511.382982 1855.908621 29482.758621 
2000.000000 0.000000 2495.401181 1897.287931 29482.758621 
2000.000000 0.000000 2479.419380 1938.667241 29482.758621 
2000.000000 0.000000 3163.811418 573.150000 31034.482759 
2000.000000 0.000000 3154.999456 614.529310 31034.482759 
2000.000000 0.000000 3153.492743 655.908621 31034.482759 
2000.000000 0.000000 3126.719136 697.287931 31034.482759 
2000.000000 0.000000 3127.145023 738.667241 31034.482759 
2000.000000 0.000000 3126.143552 780.046552 31034.482759 
2000.000000 0.000000 3164.758860 821.425862 31034.482759 
2000.000000 0.000000 3164.857095 862.805172 31034.482759 
2000.000000 0.000000 3164.509407 904.184483 31034.482759 
2000.000000 0.000000 3163.755573 945.563793 31034.482759 
2000.000000 0.000000 3162.629165 986.943103 31034.482759 
2000.000000 0.000000 3161.157451 1028.322414 31034.482759 
2000.000000 0.000000 3159.359025 1069.701724 31034.482759 
2000.000000 0.000000 3157.236668 1111.081034 31034.482759 
2000.000000 0.000000 3072.420388 1152.460345 31034.482759 
2000.000000 0.000000 3058.462297 1193.839655 31034.482759 
2000.000000 0.000000 3032.947014 1235.218966 31034.482759 
2000.000000 0.000000 2933.359337 1276.598276 31034.482759 
2000.000000 0.000000 2894.556756 1317.977586 31034.482759 
2000.000000 0.000000 2844.428084 1359.356897 31034.482759 
2000.000000 0.000000 2756.707967 1400.736207 31034.482759 
2000.000000 0.000000 2710.194528 1442.115517 31034.482759 
2000.000000 0.000000 2679.690752 1483.494828 31034.482759 
2000.000000 0.000000 2654.494510 1524.874138 31034.482759 
2000.000000 0.000000 2634.861174 1566.253448 31034.482759 
2000.000000 0.000000 2615.821053 1607.632759 31034.482759 
2000.000000 0.000000 2602.549696 1649.012069 31034.482759 
2000.000000 0.000000 2589.495580 1690.391379 31034.482759 
2000.000000 0.000000 2575.674342 1731.770690 31034.482759 
2000.000000 0.000000 2560.998556 1773.150000 31034.482759 
2000.000000 0.000000 2546.322769 1814.529310 31034.482759 
2000.000000 0.000000 2531.646982 1855.908621 31034.482759 
2000.000000 0.000000 2516.971196 1897.287931 31034.482759 
2000.000000 0.000000 2502.295409 1938.667241 31034.482759 
2000.000000 0.000000 3170.363489 573.150000 32586.206897 
2000.000000 0.000000 3165.777374 614.529310 32586.206897 
2000.000000 0.000000 3160.407812 655.908621 32586.206897 
2000.000000 0.000000 3140.184798 697.287931 32586.206897 
2000.000000 0.000000 3139.116088 738.667241 32586.206897 
2000.000000 0.000000 3136.649889 780.046552 32586.206897 
2000.000000 0.000000 3175.866230 821.425862 32586.206897 
2000.000000 0.000000 3175.397649 862.805172 32586.206897 
2000.000000 0.000000 3174.571655 904.184483 32586.206897 
2000.000000 0.000000 3173.410303 945.563793 32586.206897 
2000.000000 0.000000 3171.934910 986.943103 32586.206897 
2000.000000 0.000000 3170.166786 1028.322414 32586.206897 
2000.000000 0.000000 3168.124091 1069.701724 32586.206897 
2000.000000 0.000000 3165.816577 1111.081034 32586.206897 
2000.000000 0.000000 3135.142125 1152.460345 32586.206897 
2000.000000 0.000000 3071.612128 1193.839655 32586.206897 
2000.000000 0.000000 3049.136048 1235.218966 32586.206897 
2000.000000 0.000000 3031.413621 1276.598276 32586.206897 
2000.000000 0.000000 3004.081443 1317.977586 32586.206897 
2000.000000 0.000000 2957.887334 1359.356897 32586.206897 
2000.000000 0.000000 2897.630957 1400.736207 32586.206897 
2000.000000 0.000000 2765.726429 1442.115517 32586.206897 
2000.000000 0.000000 2711.698104 1483.494828 32586.206897 
2000.000000 0.000000 2675.791535 1524.874138 32586.206897 
2000.000000 0.000000 2652.856706 1566.253448 32586.206897 
2000.000000 0.000000 2634.278531 1607.632759 32586.206897 
2000.000000 0.000000 2616.334609 1649.012069 32586.206897 
2000.000000 0.000000 2603.406205 1690.391379 32586.206897 
2000.000000 0.000000 2590.360790 1731.770690 32586.206897 
2000.000000 0.000000 2576.544735 1773.150000 32586.206897 
2000.000000 0.000000 2562.728680 1814.529310 32586.206897 
2000.000000 0.000000 2548.912625 1855.908621 32586.206897 
2000.000000 0.000000 2535.096570 1897.287931 32586.206897 
2000.000000 0.000000 2521.280514 1938.667241 32586.206897 
2000.000000 0.000000 3176.733961 573.150000 34137.931034 
2000.000000 0.000000 3172.373941 614.529310 34137.931034 
2000.000000 0.000000 3167.253220 655.908621 34137.931034 
2000.000000 0.000000 3151.860456 697.287931 34137.931034 
2000.000000 0.000000 3149.759474 738.667241 34137.931034 
2000.000000 0.000000 3146.403896 780.046552 34137.931034 
2000.000000 0.000000 3142.229749 821.425862 34137.931034 
2000.000000 0.000000 3185.216715 862.805172 34137.931034 
2000.000000 0.000000 3184.002402 904.184483 34137.931034 
2000.000000 0.000000 3182.503047 945.563793 34137.931034 
2000.000000 0.000000 3180.733087 986.943103 34137.931034 
2000.000000 0.000000 3178.710060 1028.322414 34137.931034 
2000.000000 0.000000 3176.451573 1069.701724 34137.931034 
2000.000000 0.000000 3173.970856 1111.081034 34137.931034 
2000.000000 0.000000 3171.269918 1152.460345 34137.931034 
2000.000000 0.000000 3083.119809 1193.839655 34137.931034 
2000.000000 0.000000 3065.938561 1235.218966 34137.931034 
2000.000000 0.000000 3046.284838 1276.598276 34137.931034 
2000.000000 0.000000 3029.197205 1317.977586 34137.931034 
2000.000000 0.000000 2994.170526 1359.356897 34137.931034 
2000.000000 0.000000 2944.747784 1400.736207 34137.931034 
2000.000000 0.000000 2881.355209 1442.115517 34137.931034 
2000.000000 0.000000 2811.612483 1483.494828 34137.931034 
2000.000000 0.000000 2753.861877 1524.874138 34137.931034 
2000.000000 0.000000 2716.879809 1566.253448 34137.931034 
2000.000000 0.000000 2651.294169 1607.632759 34137.931034 
2000.000000 0.000000 2633.576282 1649.012069 34137.931034 
2000.000000 0.000000 2616.661527 1690.391379 34137.931034 
2000.000000 0.000000 2603.927987 1731.770690 34137.931034 
2000.000000 0.000000 2590.867064 1773.150000 34137.931034 
2000.000000 0.000000 2577.806141 1814.529310 34137.931034 
2000.000000 0.000000 2564.745219 1855.908621 34137.931034 
2000.000000 0.000000 2551.684296 1897.287931 34137.931034 
2000.000000 0.000000 2538.623373 1938.667241 34137.931034 
2000.000000 0.000000 3183.110638 573.150000 35689.655172 
2000.000000 0.000000 3178.825102 614.529310 35689.655172 
2000.000000 0.000000 3174.003608 655.908621 35689.655172 
2000.000000 0.000000 3162.118185 697.287931 35689.655172 
2000.000000 0.000000 3159.380540 738.667241 35689.655172 
2000.000000 0.000000 3155.493964 780.046552 35689.655172 
2000.000000 0.000000 3151.116756 821.425862 35689.655172 
2000.000000 0.000000 3194.395277 862.805172 35689.655172 
2000.000000 0.000000 3192.865885 904.184483 35689.655172 
2000.000000 0.000000 3191.086651 945.563793 35689.655172 
2000.000000 0.000000 3189.069097 986.943103 35689.655172 
2000.000000 0.000000 3186.829431 1028.322414 35689.655172 
2000.000000 0.000000 3184.384704 1069.701724 35689.655172 
2000.000000 0.000000 3181.749785 1111.081034 35689.655172 
2000.000000 0.000000 3178.932425 1152.460345 35689.655172 
2000.000000 0.000000 3175.925289 1193.839655 35689.655172 
2000.000000 0.000000 3079.384561 1235.218966 35689.655172 
2000.000000 0.000000 3058.760249 1276.598276 35689.655172 
2000.000000 0.000000 3044.677284 1317.977586 35689.655172 
2000.000000 0.000000 3024.082740 1359.356897 35689.655172 
2000.000000 0.000000 2983.028175 1400.736207 35689.655172 
2000.000000 0.000000 2930.412523 1442.115517 35689.655172 
2000.000000 0.000000 2864.343723 1483.494828 35689.655172 
2000.000000 0.000000 2798.703366 1524.874138 35689.655172 
2000.000000 0.000000 2746.300783 1566.253448 35689.655172 
2000.000000 0.000000 2713.771195 1607.632759 35689.655172 
2000.000000 0.000000 2689.641456 1649.012069 35689.655172 
2000.000000 0.000000 2632.763310 1690.391379 35689.655172 
2000.000000 0.000000 2616.816416 1731.770690 35689.655172 
2000.000000 0.000000 2604.139839 1773.150000 35689.655172 
2000.000000 0.000000 2591.463263 1814.529310 35689.655172 
2000.000000 0.000000 2578.786687 1855.908621 35689.655172 
2000.000000 0.000000 2566.110111 1897.287931 35689.655172 
2000.000000 0.000000 2553.433535 1938.667241 35689.655172 
2000.000000 0.000000 3189.251596 573.150000 37241.379310 
2000.000000 0.000000 3185.104833 614.529310 37241.379310 
2000.000000 0.000000 3178.085728 655.908621 37241.379310 
2000.000000 0.000000 3171.234286 697.287931 37241.379310 
2000.000000 0.000000 3168.236525 738.667241 37241.379310 
2000.000000 0.000000 3164.015252 780.046552 37241.379310 
2000.000000 0.000000 3159.501329 821.425862 37241.379310 
2000.000000 0.000000 3203.004348 862.805172 37241.379310 
2000.000000 0.000000 3201.217272 904.184483 37241.379310 
2000.000000 0.000000 3199.205373 945.563793 37241.379310 
2000.000000 0.000000 3196.980503 986.943103 37241.379310 
2000.000000 0.000000 3194.558572 1028.322414 37241.379310 
2000.000000 0.000000 3191.956322 1069.701724 37241.379310 
2000.000000 0.000000 3189.188974 1111.081034 37241.379310 
2000.000000 0.000000 3186.266924 1152.460345 37241.379310 
2000.000000 0.000000 3183.190776 1193.839655 37241.379310 
2000.000000 0.000000 3090.877288 1235.218966 37241.379310 
2000.000000 0.000000 3070.184836 1276.598276 37241.379310 
2000.000000 0.000000 3057.577787 1317.977586 37241.379310 
2000.000000 0.000000 3042.470959 1359.356897 37241.379310 
2000.000000 0.000000 3014.590625 1400.736207 37241.379310 
2000.000000 0.000000 2970.732299 1442.115517 37241.379310 
2000.000000 0.000000 2915.010194 1483.494828 37241.379310 
2000.000000 0.000000 2849.674077 1524.874138 37241.379310 
2000.000000 0.000000 2786.054938 1566.253448 37241.379310 
2000.000000 0.000000 2739.686318 1607.632759 37241.379310 
2000.000000 0.000000 2710.860299 1649.012069 37241.379310 
2000.000000 0.000000 2688.137767 1690.391379 37241.379310 
2000.000000 0.000000 2666.575825 1731.770690 37241.379310 
2000.000000 0.000000 2644.477266 1773.150000 37241.379310 
2000.000000 0.000000 2622.378706 1814.529310 37241.379310 
2000.000000 0.000000 2600.280147 1855.908621 37241.379310 
2000.000000 0.000000 2578.181587 1897.287931 37241.379310 
2000.000000 0.000000 2556.083028 1938.667241 37241.379310 
2000.000000 0.000000 3195.272546 573.150000 38793.103448 
2000.000000 0.000000 3191.408663 614.529310 38793.103448 
2000.000000 0.000000 3187.401295 655.908621 38793.103448 
2000.000000 0.000000 3182.642536 697.287931 38793.103448 
2000.000000 0.000000 3176.506478 738.667241 38793.103448 
2000.000000 0.000000 3172.053079 780.046552 38793.103448 
2000.000000 0.000000 3167.447523 821.425862 38793.103448 
2000.000000 0.000000 3211.103983 862.805172 38793.103448 
2000.000000 0.000000 3209.103501 904.184483 38793.103448 
2000.000000 0.000000 3206.897625 945.563793 38793.103448 
2000.000000 0.000000 3204.500049 986.943103 38793.103448 
2000.000000 0.000000 3201.926715 1028.322414 38793.103448 
2000.000000 0.000000 3199.193892 1069.701724 38793.103448 
2000.000000 0.000000 3196.316248 1111.081034 38793.103448 
2000.000000 0.000000 3193.304993 1152.460345 38793.103448 
2000.000000 0.000000 3190.164890 1193.839655 38793.103448 
2000.000000 0.000000 3186.887933 1235.218966 38793.103448 
2000.000000 0.000000 3084.624320 1276.598276 38793.103448 
2000.000000 0.000000 3068.707146 1317.977586 38793.103448 
2000.000000 0.000000 3055.893062 1359.356897 38793.103448 
2000.000000 0.000000 3039.625595 1400.736207 38793.103448 
2000.000000 0.000000 3004.047512 1442.115517 38793.103448 
2000.000000 0.000000 2957.351526 1483.494828 38793.103448 
2000.000000 0.000000 2898.644073 1524.874138 38793.103448 
2000.000000 0.000000 2834.642158 1566.253448 38793.103448 
2000.000000 0.000000 2774.206697 1607.632759 38793.103448 
2000.000000 0.000000 2733.979513 1649.012069 38793.103448 
2000.000000 0.000000 2708.082869 1690.391379 38793.103448 
2000.000000 0.000000 2686.481003 1731.770690 38793.103448 
2000.000000 0.000000 2665.547364 1773.150000 38793.103448 
2000.000000 0.000000 2644.613726 1814.529310 38793.103448 
2000.000000 0.000000 2623.680087 1855.908621 38793.103448 
2000.000000 0.000000 2602.746449 1897.287931 38793.103448 
2000.000000 0.000000 2581.812810 1938.667241 38793.103448 
2000.000000 0.000000 3201.289759 573.150000 40344.827586 
2000.000000 0.000000 3197.543149 614.529310 40344.827586 
2000.000000 0.000000 3193.677424 655.908621 40344.827586 
2000.000000 0.000000 3187.546590 697.287931 40344.827586 
2000.000000 0.000000 3184.313382 738.667241 40344.827586 
2000.000000 0.000000 3179.674358 780.046552 40344.827586 
2000.000000 0.000000 3175.009058 821.425862 40344.827586 
2000.000000 0.000000 3218.744307 862.805172 40344.827586 
2000.000000 0.000000 3216.564911 904.184483 40344.827586 
2000.000000 0.000000 3214.197675 945.563793 40344.827586 
2000.000000 0.000000 3211.657604 986.943103 40344.827586 
2000.000000 0.000000 3208.960548 1028.322414 40344.827586 
2000.000000 0.000000 3206.121928 1069.701724 40344.827586 
2000.000000 0.000000 3203.155281 1111.081034 40344.827586 
2000.000000 0.000000 3200.071558 1152.460345 40344.827586 
2000.000000 0.000000 3196.877335 1193.839655 40344.827586 
2000.000000 0.000000 3193.570768 1235.218966 40344.827586 
2000.000000 0.000000 3099.343923 1276.598276 40344.827586 
2000.000000 0.000000 3078.588651 1317.977586 40344.827586 
2000.000000 0.000000 3067.391331 1359.356897 40344.827586 
2000.000000 0.000000 3053.661193 1400.736207 40344.827586 
2000.000000 0.000000 3032.080313 1442.115517 40344.827586 
2000.000000 0.000000 2992.493113 1483.494828 40344.827586 
2000.000000 0.000000 2942.929567 1524.874138 40344.827586 
2000.000000 0.000000 2883.321070 1566.253448 40344.827586 
2000.000000 0.000000 2819.247531 1607.632759 40344.827586 
2000.000000 0.000000 2763.621791 1649.012069 40344.827586 
2000.000000 0.000000 2729.032143 1690.391379 40344.827586 
2000.000000 0.000000 2705.379489 1731.770690 40344.827586 
2000.000000 0.000000 2684.674622 1773.150000 40344.827586 
2000.000000 0.000000 2663.969754 1814.529310 40344.827586 
2000.000000 0.000000 2643.264887 1855.908621 40344.827586 
2000.000000 0.000000 2622.560020 1897.287931 40344.827586 
2000.000000 0.000000 2601.855153 1938.667241 40344.827586 
2000.000000 0.000000 3207.280652 573.150000 41896.551724 
2000.000000 0.000000 3203.668788 614.529310 41896.551724 
2000.000000 0.000000 3200.174499 655.908621 41896.551724 
2000.000000 0.000000 3194.928738 697.287931 41896.551724 
2000.000000 0.000000 3191.632981 738.667241 41896.551724 
2000.000000 0.000000 3187.770800 780.046552 41896.551724 
2000.000000 0.000000 3182.232764 821.425862 41896.551724 
2000.000000 0.000000 3177.360979 862.805172 41896.551724 
2000.000000 0.000000 3223.637880 904.184483 41896.551724 
2000.000000 0.000000 3221.136839 945.563793 41896.551724 
2000.000000 0.000000 3218.481190 986.943103 41896.551724 
2000.000000 0.000000 3215.685412 1028.322414 41896.551724 
2000.000000 0.000000 3212.763447 1069.701724 41896.551724 
2000.000000 0.000000 3209.727608 1111.081034 41896.551724 
2000.000000 0.000000 3206.587896 1152.460345 41896.551724 
2000.000000 0.000000 3203.351298 1193.839655 41896.551724 
2000.000000 0.000000 3200.019384 1235.218966 41896.551724 
2000.000000 0.000000 3193.207360 1276.598276 41896.551724 
2000.000000 0.000000 3088.013358 1317.977586 41896.551724 
2000.000000 0.000000 3077.533561 1359.356897 41896.551724 
2000.000000 0.000000 3065.594961 1400.736207 41896.551724 
2000.000000 0.000000 3050.861474 1442.115517 41896.551724 
2000.000000 0.000000 3022.049504 1483.494828 41896.551724 
2000.000000 0.000000 2979.952330 1524.874138 41896.551724 
2000.000000 0.000000 2927.489409 1566.253448 41896.551724 
2000.000000 0.000000 2867.575353 1607.632759 41896.551724 
2000.000000 0.000000 2804.018540 1649.012069 41896.551724 
2000.000000 0.000000 2754.536085 1690.391379 41896.551724 
2000.000000 0.000000 2724.658409 1731.770690 41896.551724 
2000.000000 0.000000 2702.701385 1773.150000 41896.551724 
2000.000000 0.000000 2680.744362 1814.529310 41896.551724 
2000.000000 0.000000 2658.787338 1855.908621 41896.551724 
2000.000000 0.000000 2636.830314 1897.287931 41896.551724 
2000.000000 0.000000 2614.873290 1938.667241 41896.551724 
2000.000000 0.000000 3221.803081 573.150000 43448.275862 
2000.000000 0.000000 3209.780795 614.529310 43448.275862 
2000.000000 0.000000 3206.442888 655.908621 43448.275862 
2000.000000 0.000000 3202.869891 697.287931 43448.275862 
2000.000000 0.000000 3198.497481 738.667241 43448.275862 
2000.000000 0.000000 3193.834074 780.046552 43448.275862 
2000.000000 0.000000 3189.160664 821.425862 43448.275862 
2000.000000 0.000000 3184.277452 862.805172 43448.275862 
2000.000000 0.000000 3230.353551 904.184483 43448.275862 
2000.000000 0.000000 3227.745628 945.563793 43448.275862 
2000.000000 0.000000 3224.998015 986.943103 43448.275862 
2000.000000 0.000000 3222.125568 1028.322414 43448.275862 
2000.000000 0.000000 3219.140548 1069.701724 43448.275862 
2000.000000 0.000000 3216.053479 1111.081034 43448.275862 
2000.000000 0.000000 3212.873154 1152.460345 43448.275862 
2000.000000 0.000000 3209.606320 1193.839655 43448.275862 
2000.000000 0.000000 3206.256062 1235.218966 43448.275862 
2000.000000 0.000000 3202.818514 1276.598276 43448.275862 
2000.000000 0.000000 3125.006650 1317.977586 43448.275862 
2000.000000 0.000000 3086.697088 1359.356897 43448.275862 
2000.000000 0.000000 3076.048336 1400.736207 43448.275862 
2000.000000 0.000000 3063.294200 1442.115517 43448.275862 
2000.000000 0.000000 3047.364384 1483.494828 43448.275862 
2000.000000 0.000000 3011.115036 1524.874138 43448.275862 
2000.000000 0.000000 2966.427833 1566.253448 43448.275862 
2000.000000 0.000000 2912.301470 1607.632759 43448.275862 
2000.000000 0.000000 2851.000641 1649.012069 43448.275862 
2000.000000 0.000000 2789.621658 1690.391379 43448.275862 
2000.000000 0.000000 2746.901709 1731.770690 43448.275862 
2000.000000 0.000000 2720.685789 1773.150000 43448.275862 
2000.000000 0.000000 2694.469869 1814.529310 43448.275862 
2000.000000 0.000000 2668.253949 1855.908621 43448.275862 
2000.000000 0.000000 2642.038029 1897.287931 43448.275862 
2000.000000 0.000000 2615.822109 1938.667241 43448.275862 
2000.000000 0.000000 3226.997211 573.150000 45000.000000 
2000.000000 0.000000 3223.373844 614.529310 45000.000000 
2000.000000 0.000000 3219.647487 655.908621 45000.000000 
2000.000000 0.000000 3209.655431 697.287931 45000.000000 
2000.000000 0.000000 3205.789761 738.667241 45000.000000 
2000.000000 0.000000 3200.578665 780.046552 45000.000000 
2000.000000 0.000000 3195.790643 821.425862 45000.000000 
2000.000000 0.000000 3190.953762 862.805172 45000.000000 
2000.000000 0.000000 3236.743857 904.184483 45000.000000 
2000.000000 0.000000 3234.052587 945.563793 45000.000000 
2000.000000 0.000000 3231.233821 986.943103 45000.000000 
2000.000000 0.000000 3228.305010 1028.322414 45000.000000 
2000.000000 0.000000 3225.274558 1069.701724 45000.000000 
2000.000000 0.000000 3222.152274 1111.081034 45000.000000 
2000.000000 0.000000 3218.945274 1152.460345 45000.000000 
2000.000000 0.000000 3215.659684 1193.839655 45000.000000 
2000.000000 0.000000 3212.299204 1235.218966 45000.000000 
2000.000000 0.000000 3208.863097 1276.598276 45000.000000 
2000.000000 0.000000 3188.020857 1317.977586 45000.000000 
2000.000000 0.000000 3095.138675 1359.356897 45000.000000 
2000.000000 0.000000 3085.432697 1400.736207 45000.000000 
2000.000000 0.000000 3074.108088 1442.115517 45000.000000 
2000.000000 0.000000 3060.483793 1483.494828 45000.000000 
2000.000000 0.000000 3037.756017 1524.874138 45000.000000 
2000.000000 0.000000 2999.279529 1566.253448 45000.000000 
2000.000000 0.000000 2951.905037 1607.632759 45000.000000 
2000.000000 0.000000 2896.576975 1649.012069 45000.000000 
2000.000000 0.000000 2833.934051 1690.391379 45000.000000 
2000.000000 0.000000 2776.707563 1731.770690 45000.000000 
2000.000000 0.000000 2740.471801 1773.150000 45000.000000 
2000.000000 0.000000 2704.236039 1814.529310 45000.000000 
2000.000000 0.000000 2668.000278 1855.908621 45000.000000 
2000.000000 0.000000 2631.764516 1897.287931 45000.000000 
2000.000000 0.000000 2595.528754 1938.667241 45000.000000 
