5
















































573.150000
41.379310
34
0.000000
1551.724138
30
2000.000000 0.000000 2934.767781 573.150000 0.000000 
2000.000000 0.000000 2930.904028 614.529310 0.000000 
2000.000000 0.000000 2933.516140 655.908621 0.000000 
2000.000000 0.000000 2930.569643 697.287931 0.000000 
2000.000000 0.000000 2927.525096 738.667241 0.000000 
2000.000000 0.000000 2924.366710 780.046552 0.000000 
2000.000000 0.000000 2920.986803 821.425862 0.000000 
2000.000000 0.000000 2916.881304 862.805172 0.000000 
2000.000000 0.000000 2914.007814 904.184483 0.000000 
2000.000000 0.000000 2911.120866 945.563793 0.000000 
2000.000000 0.000000 2908.222471 986.943103 0.000000 
2000.000000 0.000000 2905.361088 1028.322414 0.000000 
2000.000000 0.000000 2882.157088 1069.701724 0.000000 
2000.000000 0.000000 2875.949860 1111.081034 0.000000 
2000.000000 0.000000 2868.161868 1152.460345 0.000000 
2000.000000 0.000000 2857.441030 1193.839655 0.000000 
2000.000000 0.000000 2841.608627 1235.218966 0.000000 
2000.000000 0.000000 2819.502505 1276.598276 0.000000 
2000.000000 0.000000 2793.916361 1317.977586 0.000000 
2000.000000 0.000000 2768.462715 1359.356897 0.000000 
2000.000000 0.000000 2740.974634 1400.736207 0.000000 
2000.000000 0.000000 2717.058850 1442.115517 0.000000 
2000.000000 0.000000 2691.583606 1483.494828 0.000000 
2000.000000 0.000000 2669.754713 1524.874138 0.000000 
2000.000000 0.000000 2658.163210 1566.253448 0.000000 
2000.000000 0.000000 2652.354080 1607.632759 0.000000 
2000.000000 0.000000 2646.633858 1649.012069 0.000000 
2000.000000 0.000000 2640.902760 1690.391379 0.000000 
2000.000000 0.000000 2635.163129 1731.770690 0.000000 
2000.000000 0.000000 2629.417000 1773.150000 0.000000 
2000.000000 0.000000 2623.670871 1814.529310 0.000000 
2000.000000 0.000000 2617.924742 1855.908621 0.000000 
2000.000000 0.000000 2612.178612 1897.287931 0.000000 
2000.000000 0.000000 2606.432483 1938.667241 0.000000 
2000.000000 0.000000 2947.433792 573.150000 1551.724138 
2000.000000 0.000000 2943.870619 614.529310 1551.724138 
2000.000000 0.000000 2940.910814 655.908621 1551.724138 
2000.000000 0.000000 2938.086622 697.287931 1551.724138 
2000.000000 0.000000 2935.176734 738.667241 1551.724138 
2000.000000 0.000000 2932.182791 780.046552 1551.724138 
2000.000000 0.000000 2929.049454 821.425862 1551.724138 
2000.000000 0.000000 2925.631504 862.805172 1551.724138 
2000.000000 0.000000 2921.669193 904.184483 1551.724138 
2000.000000 0.000000 2918.899886 945.563793 1551.724138 
2000.000000 0.000000 2916.214736 986.943103 1551.724138 
2000.000000 0.000000 2913.162046 1028.322414 1551.724138 
2000.000000 0.000000 2892.474826 1069.701724 1551.724138 
2000.000000 0.000000 2887.175151 1111.081034 1551.724138 
2000.000000 0.000000 2880.822921 1152.460345 1551.724138 
2000.000000 0.000000 2872.521410 1193.839655 1551.724138 
2000.000000 0.000000 2860.500605 1235.218966 1551.724138 
2000.000000 0.000000 2842.543808 1276.598276 1551.724138 
2000.000000 0.000000 2819.128006 1317.977586 1551.724138 
2000.000000 0.000000 2794.097131 1359.356897 1551.724138 
2000.000000 0.000000 2769.915209 1400.736207 1551.724138 
2000.000000 0.000000 2745.144320 1442.115517 1551.724138 
2000.000000 0.000000 2719.471248 1483.494828 1551.724138 
2000.000000 0.000000 2696.348948 1524.874138 1551.724138 
2000.000000 0.000000 2677.924214 1566.253448 1551.724138 
2000.000000 0.000000 2672.167978 1607.632759 1551.724138 
2000.000000 0.000000 2666.510723 1649.012069 1551.724138 
2000.000000 0.000000 2660.845267 1690.391379 1551.724138 
2000.000000 0.000000 2655.173680 1731.770690 1551.724138 
2000.000000 0.000000 2649.497796 1773.150000 1551.724138 
2000.000000 0.000000 2643.821912 1814.529310 1551.724138 
2000.000000 0.000000 2638.146029 1855.908621 1551.724138 
2000.000000 0.000000 2632.470145 1897.287931 1551.724138 
2000.000000 0.000000 2626.794261 1938.667241 1551.724138 
2000.000000 0.000000 3210.984285 573.150000 3103.448276 
2000.000000 0.000000 2977.485941 614.529310 3103.448276 
2000.000000 0.000000 2948.639064 655.908621 3103.448276 
2000.000000 0.000000 2945.917590 697.287931 3103.448276 
2000.000000 0.000000 2943.120137 738.667241 3103.448276 
2000.000000 0.000000 2940.258594 780.046552 3103.448276 
2000.000000 0.000000 2937.295786 821.425862 3103.448276 
2000.000000 0.000000 2934.137895 862.805172 3103.448276 
2000.000000 0.000000 2930.763117 904.184483 3103.448276 
2000.000000 0.000000 2926.712975 945.563793 3103.448276 
2000.000000 0.000000 2923.799481 986.943103 3103.448276 
2000.000000 0.000000 2920.829188 1028.322414 3103.448276 
2000.000000 0.000000 2917.803166 1069.701724 3103.448276 
2000.000000 0.000000 2897.947634 1111.081034 3103.448276 
2000.000000 0.000000 2891.885398 1152.460345 3103.448276 
2000.000000 0.000000 2885.195059 1193.839655 3103.448276 
2000.000000 0.000000 2875.972684 1235.218966 3103.448276 
2000.000000 0.000000 2862.011454 1276.598276 3103.448276 
2000.000000 0.000000 2841.831924 1317.977586 3103.448276 
2000.000000 0.000000 2817.920404 1359.356897 3103.448276 
2000.000000 0.000000 2793.879891 1400.736207 3103.448276 
2000.000000 0.000000 2771.132119 1442.115517 3103.448276 
2000.000000 0.000000 2747.898521 1483.494828 3103.448276 
2000.000000 0.000000 2720.366378 1524.874138 3103.448276 
2000.000000 0.000000 2698.881158 1566.253448 3103.448276 
2000.000000 0.000000 2690.649587 1607.632759 3103.448276 
2000.000000 0.000000 2685.043535 1649.012069 3103.448276 
2000.000000 0.000000 2679.431531 1690.391379 3103.448276 
2000.000000 0.000000 2673.815374 1731.770690 3103.448276 
2000.000000 0.000000 2668.196709 1773.150000 3103.448276 
2000.000000 0.000000 2662.578044 1814.529310 3103.448276 
2000.000000 0.000000 2656.959379 1855.908621 3103.448276 
2000.000000 0.000000 2651.340714 1897.287931 3103.448276 
2000.000000 0.000000 2645.722049 1938.667241 3103.448276 
2000.000000 0.000000 3227.390800 573.150000 4655.172414 
2000.000000 0.000000 3224.895817 614.529310 4655.172414 
2000.000000 0.000000 3222.251513 655.908621 4655.172414 
2000.000000 0.000000 3012.786333 697.287931 4655.172414 
2000.000000 0.000000 2978.380854 738.667241 4655.172414 
2000.000000 0.000000 2952.819766 780.046552 4655.172414 
2000.000000 0.000000 2945.984620 821.425862 4655.172414 
2000.000000 0.000000 2942.796571 862.805172 4655.172414 
2000.000000 0.000000 2939.257292 904.184483 4655.172414 
2000.000000 0.000000 2935.576752 945.563793 4655.172414 
2000.000000 0.000000 2931.699697 986.943103 4655.172414 
2000.000000 0.000000 2928.801074 1028.322414 4655.172414 
2000.000000 0.000000 2925.855939 1069.701724 4655.172414 
2000.000000 0.000000 2909.792685 1111.081034 4655.172414 
2000.000000 0.000000 2903.565648 1152.460345 4655.172414 
2000.000000 0.000000 2896.343200 1193.839655 4655.172414 
2000.000000 0.000000 2889.025129 1235.218966 4655.172414 
2000.000000 0.000000 2878.300484 1276.598276 4655.172414 
2000.000000 0.000000 2861.866132 1317.977586 4655.172414 
2000.000000 0.000000 2840.028917 1359.356897 4655.172414 
2000.000000 0.000000 2816.521607 1400.736207 4655.172414 
2000.000000 0.000000 2794.214349 1442.115517 4655.172414 
2000.000000 0.000000 2771.975353 1483.494828 4655.172414 
2000.000000 0.000000 2748.232007 1524.874138 4655.172414 
2000.000000 0.000000 2723.300706 1566.253448 4655.172414 
2000.000000 0.000000 2708.012539 1607.632759 4655.172414 
2000.000000 0.000000 2702.449040 1649.012069 4655.172414 
2000.000000 0.000000 2696.881480 1690.391379 4655.172414 
2000.000000 0.000000 2691.311443 1731.770690 4655.172414 
2000.000000 0.000000 2685.740405 1773.150000 4655.172414 
2000.000000 0.000000 2680.169367 1814.529310 4655.172414 
2000.000000 0.000000 2674.598330 1855.908621 4655.172414 
2000.000000 0.000000 2669.027292 1897.287931 4655.172414 
2000.000000 0.000000 2663.456254 1938.667241 4655.172414 
2000.000000 0.000000 3257.040287 573.150000 6206.896552 
2000.000000 0.000000 3237.849350 614.529310 6206.896552 
2000.000000 0.000000 3235.259610 655.908621 6206.896552 
2000.000000 0.000000 3232.467466 697.287931 6206.896552 
2000.000000 0.000000 3075.091599 738.667241 6206.896552 
2000.000000 0.000000 3049.989806 780.046552 6206.896552 
2000.000000 0.000000 3026.240907 821.425862 6206.896552 
2000.000000 0.000000 3002.966407 862.805172 6206.896552 
2000.000000 0.000000 2966.145213 904.184483 6206.896552 
2000.000000 0.000000 2945.171384 945.563793 6206.896552 
2000.000000 0.000000 2941.023015 986.943103 6206.896552 
2000.000000 0.000000 2937.208018 1028.322414 6206.896552 
2000.000000 0.000000 2934.310625 1069.701724 6206.896552 
2000.000000 0.000000 2931.399338 1111.081034 6206.896552 
2000.000000 0.000000 2915.114063 1152.460345 6206.896552 
2000.000000 0.000000 2908.725882 1193.839655 6206.896552 
2000.000000 0.000000 2900.741953 1235.218966 6206.896552 
2000.000000 0.000000 2892.132743 1276.598276 6206.896552 
2000.000000 0.000000 2879.212688 1317.977586 6206.896552 
2000.000000 0.000000 2860.317234 1359.356897 6206.896552 
2000.000000 0.000000 2838.123073 1400.736207 6206.896552 
2000.000000 0.000000 2816.118741 1442.115517 6206.896552 
2000.000000 0.000000 2794.460530 1483.494828 6206.896552 
2000.000000 0.000000 2772.122725 1524.874138 6206.896552 
2000.000000 0.000000 2747.043526 1566.253448 6206.896552 
2000.000000 0.000000 2728.070470 1607.632759 6206.896552 
2000.000000 0.000000 2718.889487 1649.012069 6206.896552 
2000.000000 0.000000 2713.359503 1690.391379 6206.896552 
2000.000000 0.000000 2707.828477 1731.770690 6206.896552 
2000.000000 0.000000 2702.297717 1773.150000 6206.896552 
2000.000000 0.000000 2696.766958 1814.529310 6206.896552 
2000.000000 0.000000 2691.236198 1855.908621 6206.896552 
2000.000000 0.000000 2685.705438 1897.287931 6206.896552 
2000.000000 0.000000 2680.174679 1938.667241 6206.896552 
2000.000000 0.000000 3381.913255 573.150000 7758.620690 
2000.000000 0.000000 3378.983646 614.529310 7758.620690 
2000.000000 0.000000 3258.278585 655.908621 7758.620690 
2000.000000 0.000000 3247.886248 697.287931 7758.620690 
2000.000000 0.000000 3242.846083 738.667241 7758.620690 
2000.000000 0.000000 3151.882231 780.046552 7758.620690 
2000.000000 0.000000 3109.798424 821.425862 7758.620690 
2000.000000 0.000000 3086.453740 862.805172 7758.620690 
2000.000000 0.000000 3061.790286 904.184483 7758.620690 
2000.000000 0.000000 3036.128669 945.563793 7758.620690 
2000.000000 0.000000 3010.303622 986.943103 7758.620690 
2000.000000 0.000000 2984.718483 1028.322414 7758.620690 
2000.000000 0.000000 2945.179963 1069.701724 7758.620690 
2000.000000 0.000000 2942.756738 1111.081034 7758.620690 
2000.000000 0.000000 2925.928226 1152.460345 7758.620690 
2000.000000 0.000000 2920.316687 1193.839655 7758.620690 
2000.000000 0.000000 2913.569290 1235.218966 7758.620690 
2000.000000 0.000000 2904.795057 1276.598276 7758.620690 
2000.000000 0.000000 2894.199977 1317.977586 7758.620690 
2000.000000 0.000000 2878.617284 1359.356897 7758.620690 
2000.000000 0.000000 2858.724384 1400.736207 7758.620690 
2000.000000 0.000000 2837.196152 1442.115517 7758.620690 
2000.000000 0.000000 2815.855668 1483.494828 7758.620690 
2000.000000 0.000000 2794.410734 1524.874138 7758.620690 
2000.000000 0.000000 2771.291402 1566.253448 7758.620690 
2000.000000 0.000000 2750.179352 1607.632759 7758.620690 
2000.000000 0.000000 2734.490532 1649.012069 7758.620690 
2000.000000 0.000000 2728.992765 1690.391379 7758.620690 
2000.000000 0.000000 2723.495148 1731.770690 7758.620690 
2000.000000 0.000000 2717.998892 1773.150000 7758.620690 
2000.000000 0.000000 2712.502637 1814.529310 7758.620690 
2000.000000 0.000000 2707.006381 1855.908621 7758.620690 
2000.000000 0.000000 2701.510126 1897.287931 7758.620690 
2000.000000 0.000000 2696.013871 1938.667241 7758.620690 
2000.000000 0.000000 3388.131505 573.150000 9310.344828 
2000.000000 0.000000 3385.375559 614.529310 9310.344828 
2000.000000 0.000000 3382.750621 655.908621 9310.344828 
2000.000000 0.000000 3379.721701 697.287931 9310.344828 
2000.000000 0.000000 3260.980301 738.667241 9310.344828 
2000.000000 0.000000 3253.855638 780.046552 9310.344828 
2000.000000 0.000000 3181.467056 821.425862 9310.344828 
2000.000000 0.000000 3144.376289 862.805172 9310.344828 
2000.000000 0.000000 3132.606579 904.184483 9310.344828 
2000.000000 0.000000 3120.778544 945.563793 9310.344828 
2000.000000 0.000000 3096.128985 986.943103 9310.344828 
2000.000000 0.000000 3069.833982 1028.322414 9310.344828 
2000.000000 0.000000 3041.907627 1069.701724 9310.344828 
2000.000000 0.000000 3014.133341 1111.081034 9310.344828 
2000.000000 0.000000 2987.702172 1152.460345 9310.344828 
2000.000000 0.000000 2937.507179 1193.839655 9310.344828 
2000.000000 0.000000 2925.472698 1235.218966 9310.344828 
2000.000000 0.000000 2918.086607 1276.598276 9310.344828 
2000.000000 0.000000 2907.963893 1317.977586 9310.344828 
2000.000000 0.000000 2895.391159 1359.356897 9310.344828 
2000.000000 0.000000 2878.313953 1400.736207 9310.344828 
2000.000000 0.000000 2857.669439 1442.115517 9310.344828 
2000.000000 0.000000 2836.557856 1483.494828 9310.344828 
2000.000000 0.000000 2815.611163 1524.874138 9310.344828 
2000.000000 0.000000 2793.830953 1566.253448 9310.344828 
2000.000000 0.000000 2772.577203 1607.632759 9310.344828 
2000.000000 0.000000 2754.456648 1649.012069 9310.344828 
2000.000000 0.000000 2743.882280 1690.391379 9310.344828 
2000.000000 0.000000 2738.413617 1731.770690 9310.344828 
2000.000000 0.000000 2732.947237 1773.150000 9310.344828 
2000.000000 0.000000 2727.480857 1814.529310 9310.344828 
2000.000000 0.000000 2722.014477 1855.908621 9310.344828 
2000.000000 0.000000 2716.548097 1897.287931 9310.344828 
2000.000000 0.000000 2711.081717 1938.667241 9310.344828 
2000.000000 0.000000 3394.232014 573.150000 10862.068966 
2000.000000 0.000000 3391.619160 614.529310 10862.068966 
2000.000000 0.000000 3389.141820 655.908621 10862.068966 
2000.000000 0.000000 3385.467302 697.287931 10862.068966 
2000.000000 0.000000 3381.120715 738.667241 10862.068966 
2000.000000 0.000000 3376.554901 780.046552 10862.068966 
2000.000000 0.000000 3270.620178 821.425862 10862.068966 
2000.000000 0.000000 3203.570729 862.805172 10862.068966 
2000.000000 0.000000 3164.435018 904.184483 10862.068966 
2000.000000 0.000000 3148.425381 945.563793 10862.068966 
2000.000000 0.000000 3136.542502 986.943103 10862.068966 
2000.000000 0.000000 3125.671928 1028.322414 10862.068966 
2000.000000 0.000000 3115.530504 1069.701724 10862.068966 
2000.000000 0.000000 3099.793269 1111.081034 10862.068966 
2000.000000 0.000000 3073.615911 1152.460345 10862.068966 
2000.000000 0.000000 3035.175405 1193.839655 10862.068966 
2000.000000 0.000000 3004.317868 1235.218966 10862.068966 
2000.000000 0.000000 2973.708116 1276.598276 10862.068966 
2000.000000 0.000000 2945.154480 1317.977586 10862.068966 
2000.000000 0.000000 2911.608631 1359.356897 10862.068966 
2000.000000 0.000000 2896.872468 1400.736207 10862.068966 
2000.000000 0.000000 2877.645418 1442.115517 10862.068966 
2000.000000 0.000000 2856.878987 1483.494828 10862.068966 
2000.000000 0.000000 2836.154047 1524.874138 10862.068966 
2000.000000 0.000000 2815.205899 1566.253448 10862.068966 
2000.000000 0.000000 2794.594857 1607.632759 10862.068966 
2000.000000 0.000000 2775.937454 1649.012069 10862.068966 
2000.000000 0.000000 2758.110115 1690.391379 10862.068966 
2000.000000 0.000000 2752.666772 1731.770690 10862.068966 
2000.000000 0.000000 2747.226485 1773.150000 10862.068966 
2000.000000 0.000000 2741.786199 1814.529310 10862.068966 
2000.000000 0.000000 2736.345913 1855.908621 10862.068966 
2000.000000 0.000000 2730.905626 1897.287931 10862.068966 
2000.000000 0.000000 2725.465340 1938.667241 10862.068966 
2000.000000 0.000000 3400.231938 573.150000 12413.793103 
2000.000000 0.000000 3397.747676 614.529310 12413.793103 
2000.000000 0.000000 3395.196920 655.908621 12413.793103 
2000.000000 0.000000 3391.123166 697.287931 12413.793103 
2000.000000 0.000000 3386.913595 738.667241 12413.793103 
2000.000000 0.000000 3382.539988 780.046552 12413.793103 
2000.000000 0.000000 3377.850232 821.425862 12413.793103 
2000.000000 0.000000 3372.483211 862.805172 12413.793103 
2000.000000 0.000000 3225.051734 904.184483 12413.793103 
2000.000000 0.000000 3185.947374 945.563793 12413.793103 
2000.000000 0.000000 3171.243206 986.943103 12413.793103 
2000.000000 0.000000 3157.637370 1028.322414 12413.793103 
2000.000000 0.000000 3144.865776 1069.701724 12413.793103 
2000.000000 0.000000 3132.664885 1111.081034 12413.793103 
2000.000000 0.000000 3119.383774 1152.460345 12413.793103 
2000.000000 0.000000 3114.642639 1193.839655 12413.793103 
2000.000000 0.000000 3088.525859 1235.218966 12413.793103 
2000.000000 0.000000 3056.169154 1276.598276 12413.793103 
2000.000000 0.000000 3019.174930 1317.977586 12413.793103 
2000.000000 0.000000 2977.035355 1359.356897 12413.793103 
2000.000000 0.000000 2934.387099 1400.736207 12413.793103 
2000.000000 0.000000 2907.027133 1442.115517 12413.793103 
2000.000000 0.000000 2884.143256 1483.494828 12413.793103 
2000.000000 0.000000 2864.312932 1524.874138 12413.793103 
2000.000000 0.000000 2846.223742 1566.253448 12413.793103 
2000.000000 0.000000 2827.119747 1607.632759 12413.793103 
2000.000000 0.000000 2804.862355 1649.012069 12413.793103 
2000.000000 0.000000 2778.068476 1690.391379 12413.793103 
2000.000000 0.000000 2766.323068 1731.770690 12413.793103 
2000.000000 0.000000 2760.905762 1773.150000 12413.793103 
2000.000000 0.000000 2755.488456 1814.529310 12413.793103 
2000.000000 0.000000 2750.071150 1855.908621 12413.793103 
2000.000000 0.000000 2744.653844 1897.287931 12413.793103 
2000.000000 0.000000 2739.236538 1938.667241 12413.793103 
2000.000000 0.000000 3406.146911 573.150000 13965.517241 
2000.000000 0.000000 3403.798296 614.529310 13965.517241 
2000.000000 0.000000 3400.690500 655.908621 13965.517241 
2000.000000 0.000000 3396.710633 697.287931 13965.517241 
2000.000000 0.000000 3392.618170 738.667241 13965.517241 
2000.000000 0.000000 3388.383200 780.046552 13965.517241 
2000.000000 0.000000 3383.727546 821.425862 13965.517241 
2000.000000 0.000000 3378.672294 862.805172 13965.517241 
2000.000000 0.000000 3373.310143 904.184483 13965.517241 
2000.000000 0.000000 3261.658572 945.563793 13965.517241 
2000.000000 0.000000 3202.431300 986.943103 13965.517241 
2000.000000 0.000000 3186.229955 1028.322414 13965.517241 
2000.000000 0.000000 3171.583777 1069.701724 13965.517241 
2000.000000 0.000000 3157.896057 1111.081034 13965.517241 
2000.000000 0.000000 3144.790404 1152.460345 13965.517241 
2000.000000 0.000000 3135.716846 1193.839655 13965.517241 
2000.000000 0.000000 3124.979600 1235.218966 13965.517241 
2000.000000 0.000000 3113.724953 1276.598276 13965.517241 
2000.000000 0.000000 3100.236339 1317.977586 13965.517241 
2000.000000 0.000000 3064.275891 1359.356897 13965.517241 
2000.000000 0.000000 3013.836282 1400.736207 13965.517241 
2000.000000 0.000000 2954.663906 1442.115517 13965.517241 
2000.000000 0.000000 2919.734817 1483.494828 13965.517241 
2000.000000 0.000000 2894.051855 1524.874138 13965.517241 
2000.000000 0.000000 2873.857366 1566.253448 13965.517241 
2000.000000 0.000000 2850.246413 1607.632759 13965.517241 
2000.000000 0.000000 2829.409286 1649.012069 13965.517241 
2000.000000 0.000000 2809.130384 1690.391379 13965.517241 
2000.000000 0.000000 2779.713049 1731.770690 13965.517241 
2000.000000 0.000000 2774.042994 1773.150000 13965.517241 
2000.000000 0.000000 2768.372939 1814.529310 13965.517241 
2000.000000 0.000000 2762.702884 1855.908621 13965.517241 
2000.000000 0.000000 2757.032828 1897.287931 13965.517241 
2000.000000 0.000000 2751.362773 1938.667241 13965.517241 
2000.000000 0.000000 3412.001254 573.150000 15517.241379 
2000.000000 0.000000 3409.845897 614.529310 15517.241379 
2000.000000 0.000000 3406.139219 655.908621 15517.241379 
2000.000000 0.000000 3402.242282 697.287931 15517.241379 
2000.000000 0.000000 3398.250719 738.667241 15517.241379 
2000.000000 0.000000 3394.133686 780.046552 15517.241379 
2000.000000 0.000000 3389.448213 821.425862 15517.241379 
2000.000000 0.000000 3384.572822 862.805172 15517.241379 
2000.000000 0.000000 3379.508737 904.184483 15517.241379 
2000.000000 0.000000 3374.165158 945.563793 15517.241379 
2000.000000 0.000000 3344.013528 986.943103 15517.241379 
2000.000000 0.000000 3219.973613 1028.322414 15517.241379 
2000.000000 0.000000 3201.314136 1069.701724 15517.241379 
2000.000000 0.000000 3185.401090 1111.081034 15517.241379 
2000.000000 0.000000 3170.795979 1152.460345 15517.241379 
2000.000000 0.000000 3161.069976 1193.839655 15517.241379 
2000.000000 0.000000 3146.509109 1235.218966 15517.241379 
2000.000000 0.000000 3134.877881 1276.598276 15517.241379 
2000.000000 0.000000 3122.339443 1317.977586 15517.241379 
2000.000000 0.000000 3106.680531 1359.356897 15517.241379 
2000.000000 0.000000 3082.260548 1400.736207 15517.241379 
2000.000000 0.000000 3040.626410 1442.115517 15517.241379 
2000.000000 0.000000 2978.866034 1483.494828 15517.241379 
2000.000000 0.000000 2942.486229 1524.874138 15517.241379 
2000.000000 0.000000 2907.643630 1566.253448 15517.241379 
2000.000000 0.000000 2876.527401 1607.632759 15517.241379 
2000.000000 0.000000 2851.432492 1649.012069 15517.241379 
2000.000000 0.000000 2831.023376 1690.391379 15517.241379 
2000.000000 0.000000 2811.176631 1731.770690 15517.241379 
2000.000000 0.000000 2786.687351 1773.150000 15517.241379 
2000.000000 0.000000 2762.198071 1814.529310 15517.241379 
2000.000000 0.000000 2737.708791 1855.908621 15517.241379 
2000.000000 0.000000 2713.219510 1897.287931 15517.241379 
2000.000000 0.000000 2688.730230 1938.667241 15517.241379 
2000.000000 0.000000 3417.863415 573.150000 17068.965517 
2000.000000 0.000000 3415.286715 614.529310 17068.965517 
2000.000000 0.000000 3411.552499 655.908621 17068.965517 
2000.000000 0.000000 3407.727540 697.287931 17068.965517 
2000.000000 0.000000 3403.826127 738.667241 17068.965517 
2000.000000 0.000000 3399.683746 780.046552 17068.965517 
2000.000000 0.000000 3395.055662 821.425862 17068.965517 
2000.000000 0.000000 3390.313019 862.805172 17068.965517 
2000.000000 0.000000 3385.428684 904.184483 17068.965517 
2000.000000 0.000000 3384.151520 945.563793 17068.965517 
2000.000000 0.000000 3382.695716 986.943103 17068.965517 
2000.000000 0.000000 3376.485241 1028.322414 17068.965517 
2000.000000 0.000000 3263.541513 1069.701724 17068.965517 
2000.000000 0.000000 3216.875453 1111.081034 17068.965517 
2000.000000 0.000000 3200.520686 1152.460345 17068.965517 
2000.000000 0.000000 3187.615115 1193.839655 17068.965517 
2000.000000 0.000000 3172.446508 1235.218966 17068.965517 
2000.000000 0.000000 3157.237931 1276.598276 17068.965517 
2000.000000 0.000000 3144.558779 1317.977586 17068.965517 
2000.000000 0.000000 3130.462355 1359.356897 17068.965517 
2000.000000 0.000000 3111.773222 1400.736207 17068.965517 
2000.000000 0.000000 3080.752847 1442.115517 17068.965517 
2000.000000 0.000000 3029.643383 1483.494828 17068.965517 
2000.000000 0.000000 2977.684369 1524.874138 17068.965517 
2000.000000 0.000000 2940.375311 1566.253448 17068.965517 
2000.000000 0.000000 2905.148585 1607.632759 17068.965517 
2000.000000 0.000000 2875.417577 1649.012069 17068.965517 
2000.000000 0.000000 2851.893832 1690.391379 17068.965517 
2000.000000 0.000000 2831.852239 1731.770690 17068.965517 
2000.000000 0.000000 2810.971964 1773.150000 17068.965517 
2000.000000 0.000000 2790.091688 1814.529310 17068.965517 
2000.000000 0.000000 2769.211413 1855.908621 17068.965517 
2000.000000 0.000000 2748.331137 1897.287931 17068.965517 
2000.000000 0.000000 2727.450862 1938.667241 17068.965517 
2000.000000 0.000000 3423.784250 573.150000 18620.689655 
2000.000000 0.000000 3420.547343 614.529310 18620.689655 
2000.000000 0.000000 3416.921081 655.908621 18620.689655 
2000.000000 0.000000 3413.174687 697.287931 18620.689655 
2000.000000 0.000000 3409.354030 738.667241 18620.689655 
2000.000000 0.000000 3405.110150 780.046552 18620.689655 
2000.000000 0.000000 3400.570863 821.425862 18620.689655 
2000.000000 0.000000 3395.937048 862.805172 18620.689655 
2000.000000 0.000000 3394.856583 904.184483 18620.689655 
2000.000000 0.000000 3394.288631 945.563793 18620.689655 
2000.000000 0.000000 3389.229725 986.943103 18620.689655 
2000.000000 0.000000 3383.858009 1028.322414 18620.689655 
2000.000000 0.000000 3377.947647 1069.701724 18620.689655 
2000.000000 0.000000 3366.378058 1111.081034 18620.689655 
2000.000000 0.000000 3238.676173 1152.460345 18620.689655 
2000.000000 0.000000 3217.651338 1193.839655 18620.689655 
2000.000000 0.000000 3199.908683 1235.218966 18620.689655 
2000.000000 0.000000 3183.816286 1276.598276 18620.689655 
2000.000000 0.000000 3167.758975 1317.977586 18620.689655 
2000.000000 0.000000 3153.856883 1359.356897 18620.689655 
2000.000000 0.000000 3137.696627 1400.736207 18620.689655 
2000.000000 0.000000 3114.436547 1442.115517 18620.689655 
2000.000000 0.000000 3073.569527 1483.494828 18620.689655 
2000.000000 0.000000 3012.715444 1524.874138 18620.689655 
2000.000000 0.000000 2973.556580 1566.253448 18620.689655 
2000.000000 0.000000 2935.503348 1607.632759 18620.689655 
2000.000000 0.000000 2901.757391 1649.012069 18620.689655 
2000.000000 0.000000 2874.120335 1690.391379 18620.689655 
2000.000000 0.000000 2851.882157 1731.770690 18620.689655 
2000.000000 0.000000 2831.832488 1773.150000 18620.689655 
2000.000000 0.000000 2811.782818 1814.529310 18620.689655 
2000.000000 0.000000 2791.733148 1855.908621 18620.689655 
2000.000000 0.000000 2771.683478 1897.287931 18620.689655 
2000.000000 0.000000 2751.633808 1938.667241 18620.689655 
2000.000000 0.000000 3429.215620 573.150000 20172.413793 
2000.000000 0.000000 3425.765186 614.529310 20172.413793 
2000.000000 0.000000 3422.219552 655.908621 20172.413793 
2000.000000 0.000000 3418.591931 697.287931 20172.413793 
2000.000000 0.000000 3414.842265 738.667241 20172.413793 
2000.000000 0.000000 3410.467501 780.046552 20172.413793 
2000.000000 0.000000 3406.006467 821.425862 20172.413793 
2000.000000 0.000000 3404.852851 862.805172 20172.413793 
2000.000000 0.000000 3404.829580 904.184483 20172.413793 
2000.000000 0.000000 3400.151862 945.563793 20172.413793 
2000.000000 0.000000 3395.327122 986.943103 20172.413793 
2000.000000 0.000000 3390.315654 1028.322414 20172.413793 
2000.000000 0.000000 3385.056391 1069.701724 20172.413793 
2000.000000 0.000000 3379.384998 1111.081034 20172.413793 
2000.000000 0.000000 3372.710612 1152.460345 20172.413793 
2000.000000 0.000000 3272.066337 1193.839655 20172.413793 
2000.000000 0.000000 3232.242726 1235.218966 20172.413793 
2000.000000 0.000000 3212.747429 1276.598276 20172.413793 
2000.000000 0.000000 3195.189173 1317.977586 20172.413793 
2000.000000 0.000000 3178.088421 1359.356897 20172.413793 
2000.000000 0.000000 3162.594175 1400.736207 20172.413793 
2000.000000 0.000000 3143.381699 1442.115517 20172.413793 
2000.000000 0.000000 3112.624689 1483.494828 20172.413793 
2000.000000 0.000000 3056.880276 1524.874138 20172.413793 
2000.000000 0.000000 3006.043564 1566.253448 20172.413793 
2000.000000 0.000000 2966.624499 1607.632759 20172.413793 
2000.000000 0.000000 2929.984609 1649.012069 20172.413793 
2000.000000 0.000000 2898.337771 1690.391379 20172.413793 
2000.000000 0.000000 2872.685836 1731.770690 20172.413793 
2000.000000 0.000000 2851.341599 1773.150000 20172.413793 
2000.000000 0.000000 2829.997361 1814.529310 20172.413793 
2000.000000 0.000000 2808.653123 1855.908621 20172.413793 
2000.000000 0.000000 2787.308886 1897.287931 20172.413793 
2000.000000 0.000000 2765.964648 1938.667241 20172.413793 
2000.000000 0.000000 3434.382483 573.150000 21724.137931 
2000.000000 0.000000 3430.942630 614.529310 21724.137931 
2000.000000 0.000000 3427.476725 655.908621 21724.137931 
2000.000000 0.000000 3423.968810 697.287931 21724.137931 
2000.000000 0.000000 3420.117719 738.667241 21724.137931 
2000.000000 0.000000 3415.762150 780.046552 21724.137931 
2000.000000 0.000000 3414.347150 821.425862 21724.137931 
2000.000000 0.000000 3414.860360 862.805172 21724.137931 
2000.000000 0.000000 3410.408307 904.184483 21724.137931 
2000.000000 0.000000 3405.849152 945.563793 21724.137931 
2000.000000 0.000000 3401.182367 986.943103 21724.137931 
2000.000000 0.000000 3396.386198 1028.322414 21724.137931 
2000.000000 0.000000 3391.438626 1069.701724 21724.137931 
2000.000000 0.000000 3386.285083 1111.081034 21724.137931 
2000.000000 0.000000 3380.767634 1152.460345 21724.137931 
2000.000000 0.000000 3359.931646 1193.839655 21724.137931 
2000.000000 0.000000 3346.314153 1235.218966 21724.137931 
2000.000000 0.000000 3247.909917 1276.598276 21724.137931 
2000.000000 0.000000 3226.258509 1317.977586 21724.137931 
2000.000000 0.000000 3206.800744 1359.356897 21724.137931 
2000.000000 0.000000 3188.294525 1400.736207 21724.137931 
2000.000000 0.000000 3170.499178 1442.115517 21724.137931 
2000.000000 0.000000 3146.655408 1483.494828 21724.137931 
2000.000000 0.000000 3102.146752 1524.874138 21724.137931 
2000.000000 0.000000 3037.612449 1566.253448 21724.137931 
2000.000000 0.000000 2997.843534 1607.632759 21724.137931 
2000.000000 0.000000 2959.317998 1649.012069 21724.137931 
2000.000000 0.000000 2924.483854 1690.391379 21724.137931 
2000.000000 0.000000 2894.997716 1731.770690 21724.137931 
2000.000000 0.000000 2871.099977 1773.150000 21724.137931 
2000.000000 0.000000 2847.202238 1814.529310 21724.137931 
2000.000000 0.000000 2823.304499 1855.908621 21724.137931 
2000.000000 0.000000 2799.406760 1897.287931 21724.137931 
2000.000000 0.000000 2775.509021 1938.667241 21724.137931 
2000.000000 0.000000 3439.449119 573.150000 23275.862069 
2000.000000 0.000000 3436.081934 614.529310 23275.862069 
2000.000000 0.000000 3432.695164 655.908621 23275.862069 
2000.000000 0.000000 3429.273122 697.287931 23275.862069 
2000.000000 0.000000 3425.305427 738.667241 23275.862069 
2000.000000 0.000000 3423.532121 780.046552 23275.862069 
2000.000000 0.000000 3423.864066 821.425862 23275.862069 
2000.000000 0.000000 3420.297147 862.805172 23275.862069 
2000.000000 0.000000 3415.894284 904.184483 23275.862069 
2000.000000 0.000000 3411.427238 945.563793 23275.862069 
2000.000000 0.000000 3406.878025 986.943103 23275.862069 
2000.000000 0.000000 3402.231650 1028.322414 23275.862069 
2000.000000 0.000000 3397.478536 1069.701724 23275.862069 
2000.000000 0.000000 3392.595388 1111.081034 23275.862069 
2000.000000 0.000000 3387.505189 1152.460345 23275.862069 
2000.000000 0.000000 3382.069032 1193.839655 23275.862069 
2000.000000 0.000000 3362.278646 1235.218966 23275.862069 
2000.000000 0.000000 3352.020288 1276.598276 23275.862069 
2000.000000 0.000000 3265.244629 1317.977586 23275.862069 
2000.000000 0.000000 3240.772250 1359.356897 23275.862069 
2000.000000 0.000000 3218.912289 1400.736207 23275.862069 
2000.000000 0.000000 3198.431452 1442.115517 23275.862069 
2000.000000 0.000000 3177.382779 1483.494828 23275.862069 
2000.000000 0.000000 3145.049305 1524.874138 23275.862069 
2000.000000 0.000000 3072.942137 1566.253448 23275.862069 
2000.000000 0.000000 3028.905060 1607.632759 23275.862069 
2000.000000 0.000000 2989.180316 1649.012069 23275.862069 
2000.000000 0.000000 2951.998890 1690.391379 23275.862069 
2000.000000 0.000000 2919.122288 1731.770690 23275.862069 
2000.000000 0.000000 2891.810351 1773.150000 23275.862069 
2000.000000 0.000000 2864.498414 1814.529310 23275.862069 
2000.000000 0.000000 2837.186477 1855.908621 23275.862069 
2000.000000 0.000000 2809.874540 1897.287931 23275.862069 
2000.000000 0.000000 2782.562603 1938.667241 23275.862069 
2000.000000 0.000000 3444.480071 573.150000 24827.586207 
2000.000000 0.000000 3441.185256 614.529310 24827.586207 
2000.000000 0.000000 3437.877313 655.908621 24827.586207 
2000.000000 0.000000 3434.540820 697.287931 24827.586207 
2000.000000 0.000000 3432.709599 738.667241 24827.586207 
2000.000000 0.000000 3432.576613 780.046552 24827.586207 
2000.000000 0.000000 3429.957473 821.425862 24827.586207 
2000.000000 0.000000 3425.647654 862.805172 24827.586207 
2000.000000 0.000000 3421.304446 904.184483 24827.586207 
2000.000000 0.000000 3416.912758 945.563793 24827.586207 
2000.000000 0.000000 3412.457006 986.943103 24827.586207 
2000.000000 0.000000 3407.924738 1028.322414 24827.586207 
2000.000000 0.000000 3403.310147 1069.701724 24827.586207 
2000.000000 0.000000 3398.601270 1111.081034 24827.586207 
2000.000000 0.000000 3393.750109 1152.460345 24827.586207 
2000.000000 0.000000 3388.678714 1193.839655 24827.586207 
2000.000000 0.000000 3371.492102 1235.218966 24827.586207 
2000.000000 0.000000 3363.899169 1276.598276 24827.586207 
2000.000000 0.000000 3354.845169 1317.977586 24827.586207 
2000.000000 0.000000 3334.349312 1359.356897 24827.586207 
2000.000000 0.000000 3256.568139 1400.736207 24827.586207 
2000.000000 0.000000 3231.737436 1442.115517 24827.586207 
2000.000000 0.000000 3208.093955 1483.494828 24827.586207 
2000.000000 0.000000 3181.180217 1524.874138 24827.586207 
2000.000000 0.000000 3130.294075 1566.253448 24827.586207 
2000.000000 0.000000 3060.097396 1607.632759 24827.586207 
2000.000000 0.000000 3019.351840 1649.012069 24827.586207 
2000.000000 0.000000 2980.363480 1690.391379 24827.586207 
2000.000000 0.000000 2944.802128 1731.770690 24827.586207 
2000.000000 0.000000 2914.026310 1773.150000 24827.586207 
2000.000000 0.000000 2883.250493 1814.529310 24827.586207 
2000.000000 0.000000 2852.474676 1855.908621 24827.586207 
2000.000000 0.000000 2821.698858 1897.287931 24827.586207 
2000.000000 0.000000 2790.923041 1938.667241 24827.586207 
2000.000000 0.000000 3453.550222 573.150000 26379.310345 
2000.000000 0.000000 3448.935979 614.529310 26379.310345 
2000.000000 0.000000 3445.617671 655.908621 26379.310345 
2000.000000 0.000000 3442.692528 697.287931 26379.310345 
2000.000000 0.000000 3441.243959 738.667241 26379.310345 
2000.000000 0.000000 3439.465842 780.046552 26379.310345 
2000.000000 0.000000 3435.209259 821.425862 26379.310345 
2000.000000 0.000000 3430.940769 862.805172 26379.310345 
2000.000000 0.000000 3426.649540 904.184483 26379.310345 
2000.000000 0.000000 3422.322132 945.563793 26379.310345 
2000.000000 0.000000 3417.944360 986.943103 26379.310345 
2000.000000 0.000000 3413.504514 1028.322414 26379.310345 
2000.000000 0.000000 3408.997051 1069.701724 26379.310345 
2000.000000 0.000000 3404.413806 1111.081034 26379.310345 
2000.000000 0.000000 3399.720618 1152.460345 26379.310345 
2000.000000 0.000000 3394.865000 1193.839655 26379.310345 
2000.000000 0.000000 3389.788629 1235.218966 26379.310345 
2000.000000 0.000000 3372.470314 1276.598276 26379.310345 
2000.000000 0.000000 3364.980986 1317.977586 26379.310345 
2000.000000 0.000000 3356.399677 1359.356897 26379.310345 
2000.000000 0.000000 3346.315439 1400.736207 26379.310345 
2000.000000 0.000000 3273.937984 1442.115517 26379.310345 
2000.000000 0.000000 3244.609977 1483.494828 26379.310345 
2000.000000 0.000000 3216.340482 1524.874138 26379.310345 
2000.000000 0.000000 3177.209690 1566.253448 26379.310345 
2000.000000 0.000000 3106.603595 1607.632759 26379.310345 
2000.000000 0.000000 3050.047493 1649.012069 26379.310345 
2000.000000 0.000000 3009.370756 1690.391379 26379.310345 
2000.000000 0.000000 2971.599724 1731.770690 26379.310345 
2000.000000 0.000000 2937.851133 1773.150000 26379.310345 
2000.000000 0.000000 2904.102542 1814.529310 26379.310345 
2000.000000 0.000000 2870.353951 1855.908621 26379.310345 
2000.000000 0.000000 2836.605360 1897.287931 26379.310345 
2000.000000 0.000000 2802.856769 1938.667241 26379.310345 
2000.000000 0.000000 3493.093490 573.150000 27931.034483 
2000.000000 0.000000 3490.365976 614.529310 27931.034483 
2000.000000 0.000000 3487.923076 655.908621 27931.034483 
2000.000000 0.000000 3485.730100 697.287931 27931.034483 
2000.000000 0.000000 3482.577532 738.667241 27931.034483 
2000.000000 0.000000 3444.635364 780.046552 27931.034483 
2000.000000 0.000000 3440.410806 821.425862 27931.034483 
2000.000000 0.000000 3436.180912 862.805172 27931.034483 
2000.000000 0.000000 3431.936639 904.184483 27931.034483 
2000.000000 0.000000 3427.666042 945.563793 27931.034483 
2000.000000 0.000000 3423.355851 986.943103 27931.034483 
2000.000000 0.000000 3418.994328 1028.322414 27931.034483 
2000.000000 0.000000 3414.574546 1069.701724 27931.034483 
2000.000000 0.000000 3410.088559 1111.081034 27931.034483 
2000.000000 0.000000 3405.509782 1152.460345 27931.034483 
2000.000000 0.000000 3400.800088 1193.839655 27931.034483 
2000.000000 0.000000 3395.922247 1235.218966 27931.034483 
2000.000000 0.000000 3379.918808 1276.598276 27931.034483 
2000.000000 0.000000 3373.139638 1317.977586 27931.034483 
2000.000000 0.000000 3365.566734 1359.356897 27931.034483 
2000.000000 0.000000 3357.011517 1400.736207 27931.034483 
2000.000000 0.000000 3346.376762 1442.115517 27931.034483 
2000.000000 0.000000 3331.754279 1483.494828 27931.034483 
2000.000000 0.000000 3256.686139 1524.874138 27931.034483 
2000.000000 0.000000 3220.578086 1566.253448 27931.034483 
2000.000000 0.000000 3158.483041 1607.632759 27931.034483 
2000.000000 0.000000 3086.163144 1649.012069 27931.034483 
2000.000000 0.000000 3039.201470 1690.391379 27931.034483 
2000.000000 0.000000 2999.287780 1731.770690 27931.034483 
2000.000000 0.000000 2963.025206 1773.150000 27931.034483 
2000.000000 0.000000 2926.762632 1814.529310 27931.034483 
2000.000000 0.000000 2890.500058 1855.908621 27931.034483 
2000.000000 0.000000 2854.237483 1897.287931 27931.034483 
2000.000000 0.000000 2817.974909 1938.667241 27931.034483 
2000.000000 0.000000 3498.323989 573.150000 29482.758621 
2000.000000 0.000000 3495.883817 614.529310 29482.758621 
2000.000000 0.000000 3493.610471 655.908621 29482.758621 
2000.000000 0.000000 3491.097421 697.287931 29482.758621 
2000.000000 0.000000 3487.284482 738.667241 29482.758621 
2000.000000 0.000000 3483.629541 780.046552 29482.758621 
2000.000000 0.000000 3480.037164 821.425862 29482.758621 
2000.000000 0.000000 3476.461580 862.805172 29482.758621 
2000.000000 0.000000 3472.890805 904.184483 29482.758621 
2000.000000 0.000000 3469.308542 945.563793 29482.758621 
2000.000000 0.000000 3465.696109 986.943103 29482.758621 
2000.000000 0.000000 3424.409188 1028.322414 29482.758621 
2000.000000 0.000000 3420.064249 1069.701724 29482.758621 
2000.000000 0.000000 3415.657402 1111.081034 29482.758621 
2000.000000 0.000000 3411.166456 1152.460345 29482.758621 
2000.000000 0.000000 3406.563208 1193.839655 29482.758621 
2000.000000 0.000000 3401.822771 1235.218966 29482.758621 
2000.000000 0.000000 3386.764103 1276.598276 29482.758621 
2000.000000 0.000000 3380.445559 1317.977586 29482.758621 
2000.000000 0.000000 3373.464696 1359.356897 29482.758621 
2000.000000 0.000000 3365.589712 1400.736207 29482.758621 
2000.000000 0.000000 3356.409708 1442.115517 29482.758621 
2000.000000 0.000000 3344.898406 1483.494828 29482.758621 
2000.000000 0.000000 3328.479852 1524.874138 29482.758621 
2000.000000 0.000000 3280.432320 1566.253448 29482.758621 
2000.000000 0.000000 3211.027264 1607.632759 29482.758621 
2000.000000 0.000000 3138.521692 1649.012069 29482.758621 
2000.000000 0.000000 3072.085503 1690.391379 29482.758621 
2000.000000 0.000000 3027.998903 1731.770690 29482.758621 
2000.000000 0.000000 2989.311180 1773.150000 29482.758621 
2000.000000 0.000000 2950.623456 1814.529310 29482.758621 
2000.000000 0.000000 2911.935733 1855.908621 29482.758621 
2000.000000 0.000000 2873.248010 1897.287931 29482.758621 
2000.000000 0.000000 2834.560286 1938.667241 29482.758621 
2000.000000 0.000000 3503.380808 573.150000 31034.482759 
2000.000000 0.000000 3501.178661 614.529310 31034.482759 
2000.000000 0.000000 3499.119193 655.908621 31034.482759 
2000.000000 0.000000 3496.032091 697.287931 31034.482759 
2000.000000 0.000000 3491.887270 738.667241 31034.482759 
2000.000000 0.000000 3488.275399 780.046552 31034.482759 
2000.000000 0.000000 3484.737569 821.425862 31034.482759 
2000.000000 0.000000 3481.227928 862.805172 31034.482759 
2000.000000 0.000000 3477.735539 904.184483 31034.482759 
2000.000000 0.000000 3474.244691 945.563793 31034.482759 
2000.000000 0.000000 3470.735505 986.943103 31034.482759 
2000.000000 0.000000 3467.185792 1028.322414 31034.482759 
2000.000000 0.000000 3463.574669 1069.701724 31034.482759 
2000.000000 0.000000 3459.885442 1111.081034 31034.482759 
2000.000000 0.000000 3456.104083 1152.460345 31034.482759 
2000.000000 0.000000 3452.221679 1193.839655 31034.482759 
2000.000000 0.000000 3448.234006 1235.218966 31034.482759 
2000.000000 0.000000 3402.785375 1276.598276 31034.482759 
2000.000000 0.000000 3387.243519 1317.977586 31034.482759 
2000.000000 0.000000 3380.696787 1359.356897 31034.482759 
2000.000000 0.000000 3373.351491 1400.736207 31034.482759 
2000.000000 0.000000 3365.130360 1442.115517 31034.482759 
2000.000000 0.000000 3355.376852 1483.494828 31034.482759 
2000.000000 0.000000 3342.790088 1524.874138 31034.482759 
2000.000000 0.000000 3323.733327 1566.253448 31034.482759 
2000.000000 0.000000 3261.556598 1607.632759 31034.482759 
2000.000000 0.000000 3191.634474 1649.012069 31034.482759 
2000.000000 0.000000 3115.356857 1690.391379 31034.482759 
2000.000000 0.000000 3058.482023 1731.770690 31034.482759 
2000.000000 0.000000 3016.764698 1773.150000 31034.482759 
2000.000000 0.000000 2975.047373 1814.529310 31034.482759 
2000.000000 0.000000 2933.330048 1855.908621 31034.482759 
2000.000000 0.000000 2891.612723 1897.287931 31034.482759 
2000.000000 0.000000 2849.895398 1938.667241 31034.482759 
2000.000000 0.000000 3508.360008 573.150000 32586.206897 
2000.000000 0.000000 3506.384125 614.529310 32586.206897 
2000.000000 0.000000 3504.399090 655.908621 32586.206897 
2000.000000 0.000000 3500.773635 697.287931 32586.206897 
2000.000000 0.000000 3496.417261 738.667241 32586.206897 
2000.000000 0.000000 3492.848519 780.046552 32586.206897 
2000.000000 0.000000 3489.365682 821.425862 32586.206897 
2000.000000 0.000000 3485.920997 862.805172 32586.206897 
2000.000000 0.000000 3482.504674 904.184483 32586.206897 
2000.000000 0.000000 3479.101850 945.563793 32586.206897 
2000.000000 0.000000 3475.691761 986.943103 32586.206897 
2000.000000 0.000000 3472.246895 1028.322414 32586.206897 
2000.000000 0.000000 3468.732092 1069.701724 32586.206897 
2000.000000 0.000000 3465.111127 1111.081034 32586.206897 
2000.000000 0.000000 3461.369183 1152.460345 32586.206897 
2000.000000 0.000000 3457.515742 1193.839655 32586.206897 
2000.000000 0.000000 3453.561859 1235.218966 32586.206897 
2000.000000 0.000000 3449.511555 1276.598276 32586.206897 
2000.000000 0.000000 3432.939951 1317.977586 32586.206897 
2000.000000 0.000000 3426.870100 1359.356897 32586.206897 
2000.000000 0.000000 3419.883538 1400.736207 32586.206897 
2000.000000 0.000000 3373.019662 1442.115517 32586.206897 
2000.000000 0.000000 3364.382170 1483.494828 32586.206897 
2000.000000 0.000000 3353.893216 1524.874138 32586.206897 
2000.000000 0.000000 3339.821406 1566.253448 32586.206897 
2000.000000 0.000000 3313.655232 1607.632759 32586.206897 
2000.000000 0.000000 3244.523627 1649.012069 32586.206897 
2000.000000 0.000000 3168.425123 1690.391379 32586.206897 
2000.000000 0.000000 3093.978038 1731.770690 32586.206897 
2000.000000 0.000000 3045.825991 1773.150000 32586.206897 
2000.000000 0.000000 2997.673944 1814.529310 32586.206897 
2000.000000 0.000000 2949.521897 1855.908621 32586.206897 
2000.000000 0.000000 2901.369849 1897.287931 32586.206897 
2000.000000 0.000000 2853.217802 1938.667241 32586.206897 
2000.000000 0.000000 3513.298309 573.150000 34137.931034 
2000.000000 0.000000 3511.550844 614.529310 34137.931034 
2000.000000 0.000000 3508.987151 655.908621 34137.931034 
2000.000000 0.000000 3505.378624 697.287931 34137.931034 
2000.000000 0.000000 3501.031440 738.667241 34137.931034 
2000.000000 0.000000 3497.355726 780.046552 34137.931034 
2000.000000 0.000000 3493.928516 821.425862 34137.931034 
2000.000000 0.000000 3490.548479 862.805172 34137.931034 
2000.000000 0.000000 3487.206895 904.184483 34137.931034 
2000.000000 0.000000 3483.889955 945.563793 34137.931034 
2000.000000 0.000000 3480.576206 986.943103 34137.931034 
2000.000000 0.000000 3477.232566 1028.322414 34137.931034 
2000.000000 0.000000 3473.808307 1069.701724 34137.931034 
2000.000000 0.000000 3470.246411 1111.081034 34137.931034 
2000.000000 0.000000 3466.532946 1152.460345 34137.931034 
2000.000000 0.000000 3462.696777 1193.839655 34137.931034 
2000.000000 0.000000 3458.762976 1235.218966 34137.931034 
2000.000000 0.000000 3454.742884 1276.598276 34137.931034 
2000.000000 0.000000 3450.639074 1317.977586 34137.931034 
2000.000000 0.000000 3433.426592 1359.356897 34137.931034 
2000.000000 0.000000 3426.964434 1400.736207 34137.931034 
2000.000000 0.000000 3419.910213 1442.115517 34137.931034 
2000.000000 0.000000 3412.017943 1483.494828 34137.931034 
2000.000000 0.000000 3402.584034 1524.874138 34137.931034 
2000.000000 0.000000 3390.385585 1566.253448 34137.931034 
2000.000000 0.000000 3335.601741 1607.632759 34137.931034 
2000.000000 0.000000 3297.302194 1649.012069 34137.931034 
2000.000000 0.000000 3223.067850 1690.391379 34137.931034 
2000.000000 0.000000 3142.104361 1731.770690 34137.931034 
2000.000000 0.000000 3079.315354 1773.150000 34137.931034 
2000.000000 0.000000 3016.526347 1814.529310 34137.931034 
2000.000000 0.000000 2953.737340 1855.908621 34137.931034 
2000.000000 0.000000 2890.948332 1897.287931 34137.931034 
2000.000000 0.000000 2828.159325 1938.667241 34137.931034 
2000.000000 0.000000 3518.216693 573.150000 35689.655172 
2000.000000 0.000000 3516.706545 614.529310 35689.655172 
2000.000000 0.000000 3513.452905 655.908621 35689.655172 
2000.000000 0.000000 3509.878417 697.287931 35689.655172 
2000.000000 0.000000 3505.741398 738.667241 35689.655172 
2000.000000 0.000000 3501.819384 780.046552 35689.655172 
2000.000000 0.000000 3498.432396 821.425862 35689.655172 
2000.000000 0.000000 3495.117340 862.805172 35689.655172 
2000.000000 0.000000 3491.850130 904.184483 35689.655172 
2000.000000 0.000000 3488.618259 945.563793 35689.655172 
2000.000000 0.000000 3485.399627 986.943103 35689.655172 
2000.000000 0.000000 3482.154657 1028.322414 35689.655172 
2000.000000 0.000000 3478.814082 1069.701724 35689.655172 
2000.000000 0.000000 3475.299219 1111.081034 35689.655172 
2000.000000 0.000000 3471.602602 1152.460345 35689.655172 
2000.000000 0.000000 3467.774221 1193.839655 35689.655172 
2000.000000 0.000000 3463.851138 1235.218966 35689.655172 
2000.000000 0.000000 3459.850017 1276.598276 35689.655172 
2000.000000 0.000000 3455.776669 1317.977586 35689.655172 
2000.000000 0.000000 3439.603110 1359.356897 35689.655172 
2000.000000 0.000000 3433.549418 1400.736207 35689.655172 
2000.000000 0.000000 3426.943487 1442.115517 35689.655172 
2000.000000 0.000000 3419.750846 1483.494828 35689.655172 
2000.000000 0.000000 3411.466286 1524.874138 35689.655172 
2000.000000 0.000000 3401.386536 1566.253448 35689.655172 
2000.000000 0.000000 3387.928104 1607.632759 35689.655172 
2000.000000 0.000000 3366.531118 1649.012069 35689.655172 
2000.000000 0.000000 3275.689222 1690.391379 35689.655172 
2000.000000 0.000000 3196.932506 1731.770690 35689.655172 
2000.000000 0.000000 3114.941023 1773.150000 35689.655172 
2000.000000 0.000000 3032.949541 1814.529310 35689.655172 
2000.000000 0.000000 2950.958059 1855.908621 35689.655172 
2000.000000 0.000000 2868.966576 1897.287931 35689.655172 
2000.000000 0.000000 2786.975094 1938.667241 35689.655172 
2000.000000 0.000000 3523.130646 573.150000 37241.379310 
2000.000000 0.000000 3521.391273 614.529310 37241.379310 
2000.000000 0.000000 3517.823825 655.908621 37241.379310 
2000.000000 0.000000 3514.292331 697.287931 37241.379310 
2000.000000 0.000000 3510.553867 738.667241 37241.379310 
2000.000000 0.000000 3506.215138 780.046552 37241.379310 
2000.000000 0.000000 3502.882948 821.425862 37241.379310 
2000.000000 0.000000 3499.633815 862.805172 37241.379310 
2000.000000 0.000000 3496.441602 904.184483 37241.379310 
2000.000000 0.000000 3493.295404 945.563793 37241.379310 
2000.000000 0.000000 3490.172389 986.943103 37241.379310 
2000.000000 0.000000 3487.024585 1028.322414 37241.379310 
2000.000000 0.000000 3483.758927 1069.701724 37241.379310 
2000.000000 0.000000 3480.275499 1111.081034 37241.379310 
2000.000000 0.000000 3476.583382 1152.460345 37241.379310 
2000.000000 0.000000 3472.754863 1193.839655 37241.379310 
2000.000000 0.000000 3468.835955 1235.218966 37241.379310 
2000.000000 0.000000 3464.846580 1276.598276 37241.379310 
2000.000000 0.000000 3460.794348 1317.977586 37241.379310 
2000.000000 0.000000 3445.482463 1359.356897 37241.379310 
2000.000000 0.000000 3439.752178 1400.736207 37241.379310 
2000.000000 0.000000 3433.502357 1442.115517 37241.379310 
2000.000000 0.000000 3426.810360 1483.494828 37241.379310 
2000.000000 0.000000 3419.301677 1524.874138 37241.379310 
2000.000000 0.000000 3410.533559 1566.253448 37241.379310 
2000.000000 0.000000 3399.610014 1607.632759 37241.379310 
2000.000000 0.000000 3384.381695 1649.012069 37241.379310 
2000.000000 0.000000 3357.980207 1690.391379 37241.379310 
2000.000000 0.000000 3283.469437 1731.770690 37241.379310 
2000.000000 0.000000 3178.254753 1773.150000 37241.379310 
2000.000000 0.000000 3073.040069 1814.529310 37241.379310 
2000.000000 0.000000 2967.825386 1855.908621 37241.379310 
2000.000000 0.000000 2862.610702 1897.287931 37241.379310 
2000.000000 0.000000 2757.396018 1938.667241 37241.379310 
2000.000000 0.000000 3528.053605 573.150000 38793.103448 
2000.000000 0.000000 3525.637007 614.529310 38793.103448 
2000.000000 0.000000 3522.116746 655.908621 38793.103448 
2000.000000 0.000000 3518.633460 697.287931 38793.103448 
2000.000000 0.000000 3515.205722 738.667241 38793.103448 
2000.000000 0.000000 3510.560083 780.046552 38793.103448 
2000.000000 0.000000 3507.285196 821.425862 38793.103448 
2000.000000 0.000000 3504.103506 862.805172 38793.103448 
2000.000000 0.000000 3500.987957 904.184483 38793.103448 
2000.000000 0.000000 3497.929603 945.563793 38793.103448 
2000.000000 0.000000 3494.904688 986.943103 38793.103448 
2000.000000 0.000000 3491.853432 1028.322414 38793.103448 
2000.000000 0.000000 3488.650425 1069.701724 38793.103448 
2000.000000 0.000000 3485.178934 1111.081034 38793.103448 
2000.000000 0.000000 3481.478960 1152.460345 38793.103448 
2000.000000 0.000000 3477.643924 1193.839655 38793.103448 
2000.000000 0.000000 3473.724736 1235.218966 38793.103448 
2000.000000 0.000000 3469.742505 1276.598276 38793.103448 
2000.000000 0.000000 3465.705531 1317.977586 38793.103448 
2000.000000 0.000000 3461.616268 1359.356897 38793.103448 
2000.000000 0.000000 3445.652676 1400.736207 38793.103448 
2000.000000 0.000000 3439.698014 1442.115517 38793.103448 
2000.000000 0.000000 3433.380432 1483.494828 38793.103448 
2000.000000 0.000000 3426.426026 1524.874138 38793.103448 
2000.000000 0.000000 3418.536968 1566.253448 38793.103448 
2000.000000 0.000000 3409.155339 1607.632759 38793.103448 
2000.000000 0.000000 3397.092085 1649.012069 38793.103448 
2000.000000 0.000000 3379.269694 1690.391379 38793.103448 
2000.000000 0.000000 3344.093195 1731.770690 38793.103448 
2000.000000 0.000000 3256.502184 1773.150000 38793.103448 
2000.000000 0.000000 3168.911174 1814.529310 38793.103448 
2000.000000 0.000000 3081.320163 1855.908621 38793.103448 
2000.000000 0.000000 2993.729153 1897.287931 38793.103448 
2000.000000 0.000000 2906.138142 1938.667241 38793.103448 
2000.000000 0.000000 3532.998498 573.150000 40344.827586 
2000.000000 0.000000 3529.814031 614.529310 40344.827586 
2000.000000 0.000000 3526.343235 655.908621 40344.827586 
2000.000000 0.000000 3522.911361 697.287931 40344.827586 
2000.000000 0.000000 3519.536804 738.667241 40344.827586 
2000.000000 0.000000 3514.858904 780.046552 40344.827586 
2000.000000 0.000000 3511.643630 821.425862 40344.827586 
2000.000000 0.000000 3508.531523 862.805172 40344.827586 
2000.000000 0.000000 3505.495434 904.184483 40344.827586 
2000.000000 0.000000 3502.528960 945.563793 40344.827586 
2000.000000 0.000000 3499.607044 986.943103 40344.827586 
2000.000000 0.000000 3496.651894 1028.322414 40344.827586 
2000.000000 0.000000 3493.493140 1069.701724 40344.827586 
2000.000000 0.000000 3490.010746 1111.081034 40344.827586 
2000.000000 0.000000 3486.291894 1152.460345 40344.827586 
2000.000000 0.000000 3482.445718 1193.839655 40344.827586 
2000.000000 0.000000 3478.523469 1235.218966 40344.827586 
2000.000000 0.000000 3474.545627 1276.598276 40344.827586 
2000.000000 0.000000 3470.520288 1317.977586 40344.827586 
2000.000000 0.000000 3466.450113 1359.356897 40344.827586 
2000.000000 0.000000 3451.308491 1400.736207 40344.827586 
2000.000000 0.000000 3445.604754 1442.115517 40344.827586 
2000.000000 0.000000 3439.577521 1483.494828 40344.827586 
2000.000000 0.000000 3433.037205 1524.874138 40344.827586 
2000.000000 0.000000 3425.772952 1566.253448 40344.827586 
2000.000000 0.000000 3417.412497 1607.632759 40344.827586 
2000.000000 0.000000 3407.226692 1649.012069 40344.827586 
2000.000000 0.000000 3393.562755 1690.391379 40344.827586 
2000.000000 0.000000 3371.752837 1731.770690 40344.827586 
2000.000000 0.000000 3323.357230 1773.150000 40344.827586 
2000.000000 0.000000 3274.961623 1814.529310 40344.827586 
2000.000000 0.000000 3226.566015 1855.908621 40344.827586 
2000.000000 0.000000 3178.170408 1897.287931 40344.827586 
2000.000000 0.000000 3129.774801 1938.667241 40344.827586 
2000.000000 0.000000 3537.372528 573.150000 41896.551724 
2000.000000 0.000000 3533.931952 614.529310 41896.551724 
2000.000000 0.000000 3530.511851 655.908621 41896.551724 
2000.000000 0.000000 3527.133442 697.287931 41896.551724 
2000.000000 0.000000 3523.814752 738.667241 41896.551724 
2000.000000 0.000000 3519.115607 780.046552 41896.551724 
2000.000000 0.000000 3515.962324 821.425862 41896.551724 
2000.000000 0.000000 3512.922594 862.805172 41896.551724 
2000.000000 0.000000 3509.970098 904.184483 41896.551724 
2000.000000 0.000000 3507.101897 945.563793 41896.551724 
2000.000000 0.000000 3504.290905 986.943103 41896.551724 
2000.000000 0.000000 3501.429867 1028.322414 41896.551724 
2000.000000 0.000000 3498.287185 1069.701724 41896.551724 
2000.000000 0.000000 3494.770031 1111.081034 41896.551724 
2000.000000 0.000000 3491.024063 1152.460345 41896.551724 
2000.000000 0.000000 3487.164042 1193.839655 41896.551724 
2000.000000 0.000000 3483.237368 1235.218966 41896.551724 
2000.000000 0.000000 3479.262484 1276.598276 41896.551724 
2000.000000 0.000000 3475.246667 1317.977586 41896.551724 
2000.000000 0.000000 3471.192395 1359.356897 41896.551724 
2000.000000 0.000000 3456.762367 1400.736207 41896.551724 
2000.000000 0.000000 3451.274558 1442.115517 41896.551724 
2000.000000 0.000000 3445.479375 1483.494828 41896.551724 
2000.000000 0.000000 3439.259869 1524.874138 41896.551724 
2000.000000 0.000000 3432.460551 1566.253448 41896.551724 
2000.000000 0.000000 3424.819566 1607.632759 41896.551724 
2000.000000 0.000000 3415.855968 1649.012069 41896.551724 
2000.000000 0.000000 3404.576439 1690.391379 41896.551724 
2000.000000 0.000000 3388.563094 1731.770690 41896.551724 
2000.000000 0.000000 3360.345359 1773.150000 41896.551724 
2000.000000 0.000000 3332.127625 1814.529310 41896.551724 
2000.000000 0.000000 3303.909890 1855.908621 41896.551724 
2000.000000 0.000000 3275.692156 1897.287931 41896.551724 
2000.000000 0.000000 3247.474421 1938.667241 41896.551724 
2000.000000 0.000000 3541.391969 573.150000 43448.275862 
2000.000000 0.000000 3537.998084 614.529310 43448.275862 
2000.000000 0.000000 3534.629288 655.908621 43448.275862 
2000.000000 0.000000 3531.305654 697.287931 43448.275862 
2000.000000 0.000000 3528.044873 738.667241 43448.275862 
2000.000000 0.000000 3523.627325 780.046552 43448.275862 
2000.000000 0.000000 3520.245048 821.425862 43448.275862 
2000.000000 0.000000 3517.281257 862.805172 43448.275862 
2000.000000 0.000000 3514.418140 904.184483 43448.275862 
2000.000000 0.000000 3511.657809 945.563793 43448.275862 
2000.000000 0.000000 3508.969653 986.943103 43448.275862 
2000.000000 0.000000 3506.194716 1028.322414 43448.275862 
2000.000000 0.000000 3503.027008 1069.701724 43448.275862 
2000.000000 0.000000 3499.454640 1111.081034 43448.275862 
2000.000000 0.000000 3495.677161 1152.460345 43448.275862 
2000.000000 0.000000 3491.802493 1193.839655 43448.275862 
2000.000000 0.000000 3487.871184 1235.218966 43448.275862 
2000.000000 0.000000 3483.898791 1276.598276 43448.275862 
2000.000000 0.000000 3479.891423 1317.977586 43448.275862 
2000.000000 0.000000 3475.851111 1359.356897 43448.275862 
2000.000000 0.000000 3471.777811 1400.736207 43448.275862 
2000.000000 0.000000 3456.745290 1442.115517 43448.275862 
2000.000000 0.000000 3451.140289 1483.494828 43448.275862 
2000.000000 0.000000 3445.176924 1524.874138 43448.275862 
2000.000000 0.000000 3438.736572 1566.253448 43448.275862 
2000.000000 0.000000 3431.627241 1607.632759 43448.275862 
2000.000000 0.000000 3423.513728 1649.012069 43448.275862 
2000.000000 0.000000 3413.750657 1690.391379 43448.275862 
2000.000000 0.000000 3400.920291 1731.770690 43448.275862 
2000.000000 0.000000 3381.302040 1773.150000 43448.275862 
2000.000000 0.000000 3361.683789 1814.529310 43448.275862 
2000.000000 0.000000 3342.065537 1855.908621 43448.275862 
2000.000000 0.000000 3322.447286 1897.287931 43448.275862 
2000.000000 0.000000 3302.829034 1938.667241 43448.275862 
2000.000000 0.000000 3545.365604 573.150000 45000.000000 
2000.000000 0.000000 3542.018245 614.529310 45000.000000 
2000.000000 0.000000 3538.700958 655.908621 45000.000000 
2000.000000 0.000000 3535.432943 697.287931 45000.000000 
2000.000000 0.000000 3532.231682 738.667241 45000.000000 
2000.000000 0.000000 3528.715868 780.046552 45000.000000 
2000.000000 0.000000 3524.495384 821.425862 45000.000000 
2000.000000 0.000000 3521.612016 862.805172 45000.000000 
2000.000000 0.000000 3518.846283 904.184483 45000.000000 
2000.000000 0.000000 3516.208118 945.563793 45000.000000 
2000.000000 0.000000 3513.659870 986.943103 45000.000000 
2000.000000 0.000000 3510.946644 1028.322414 45000.000000 
2000.000000 0.000000 3507.702038 1069.701724 45000.000000 
2000.000000 0.000000 3504.062494 1111.081034 45000.000000 
2000.000000 0.000000 3500.253121 1152.460345 45000.000000 
2000.000000 0.000000 3496.364643 1193.839655 45000.000000 
2000.000000 0.000000 3492.429389 1235.218966 45000.000000 
2000.000000 0.000000 3488.459719 1276.598276 45000.000000 
2000.000000 0.000000 3484.460417 1317.977586 45000.000000 
2000.000000 0.000000 3480.432966 1359.356897 45000.000000 
2000.000000 0.000000 3476.377164 1400.736207 45000.000000 
2000.000000 0.000000 3462.045493 1442.115517 45000.000000 
2000.000000 0.000000 3456.599707 1483.494828 45000.000000 
2000.000000 0.000000 3450.846064 1524.874138 45000.000000 
2000.000000 0.000000 3444.691418 1566.253448 45000.000000 
2000.000000 0.000000 3437.990098 1607.632759 45000.000000 
2000.000000 0.000000 3430.498297 1649.012069 45000.000000 
2000.000000 0.000000 3421.771675 1690.391379 45000.000000 
2000.000000 0.000000 3410.906065 1731.770690 45000.000000 
2000.000000 0.000000 3395.777449 1773.150000 45000.000000 
2000.000000 0.000000 3380.648832 1814.529310 45000.000000 
2000.000000 0.000000 3365.520216 1855.908621 45000.000000 
2000.000000 0.000000 3350.391600 1897.287931 45000.000000 
2000.000000 0.000000 3335.262984 1938.667241 45000.000000 
