5
















































573.150000
41.379310
34
0.000000
1551.724138
30
2000.000000 0.000000 2938.087192 573.150000 0.000000 
2000.000000 0.000000 2934.619392 614.529310 0.000000 
2000.000000 0.000000 2880.387441 655.908621 0.000000 
2000.000000 0.000000 2849.073717 697.287931 0.000000 
2000.000000 0.000000 2873.403821 738.667241 0.000000 
2000.000000 0.000000 2885.665762 780.046552 0.000000 
2000.000000 0.000000 2871.115981 821.425862 0.000000 
2000.000000 0.000000 2863.383304 862.805172 0.000000 
2000.000000 0.000000 2859.257790 904.184483 0.000000 
2000.000000 0.000000 2855.974067 945.563793 0.000000 
2000.000000 0.000000 2867.716389 986.943103 0.000000 
2000.000000 0.000000 2872.509341 1028.322414 0.000000 
2000.000000 0.000000 2878.482821 1069.701724 0.000000 
2000.000000 0.000000 2866.373697 1111.081034 0.000000 
2000.000000 0.000000 2845.871135 1152.460345 0.000000 
2000.000000 0.000000 2812.727214 1193.839655 0.000000 
2000.000000 0.000000 2773.875616 1235.218966 0.000000 
2000.000000 0.000000 2737.261277 1276.598276 0.000000 
2000.000000 0.000000 2698.387822 1317.977586 0.000000 
2000.000000 0.000000 2663.562714 1359.356897 0.000000 
2000.000000 0.000000 2623.151725 1400.736207 0.000000 
2000.000000 0.000000 2579.399882 1442.115517 0.000000 
2000.000000 0.000000 2556.125988 1483.494828 0.000000 
2000.000000 0.000000 2545.412231 1524.874138 0.000000 
2000.000000 0.000000 2534.358078 1566.253448 0.000000 
2000.000000 0.000000 2522.968179 1607.632759 0.000000 
2000.000000 0.000000 2511.245922 1649.012069 0.000000 
2000.000000 0.000000 2499.193856 1690.391379 0.000000 
2000.000000 0.000000 2486.813638 1731.770690 0.000000 
2000.000000 0.000000 2474.106282 1773.150000 0.000000 
2000.000000 0.000000 2461.398926 1814.529310 0.000000 
2000.000000 0.000000 2448.691569 1855.908621 0.000000 
2000.000000 0.000000 2435.984213 1897.287931 0.000000 
2000.000000 0.000000 2423.276857 1938.667241 0.000000 
2000.000000 0.000000 2945.351219 573.150000 1551.724138 
2000.000000 0.000000 2942.014544 614.529310 1551.724138 
2000.000000 0.000000 2938.691911 655.908621 1551.724138 
2000.000000 0.000000 2878.456567 697.287931 1551.724138 
2000.000000 0.000000 2914.106746 738.667241 1551.724138 
2000.000000 0.000000 2928.193543 780.046552 1551.724138 
2000.000000 0.000000 2914.268902 821.425862 1551.724138 
2000.000000 0.000000 2900.480210 862.805172 1551.724138 
2000.000000 0.000000 2884.525593 904.184483 1551.724138 
2000.000000 0.000000 2876.565125 945.563793 1551.724138 
2000.000000 0.000000 2871.248632 986.943103 1551.724138 
2000.000000 0.000000 2809.467487 1028.322414 1551.724138 
2000.000000 0.000000 2788.508432 1069.701724 1551.724138 
2000.000000 0.000000 2770.102596 1111.081034 1551.724138 
2000.000000 0.000000 2747.946838 1152.460345 1551.724138 
2000.000000 0.000000 2716.912384 1193.839655 1551.724138 
2000.000000 0.000000 2680.985370 1235.218966 1551.724138 
2000.000000 0.000000 2634.643086 1276.598276 1551.724138 
2000.000000 0.000000 2584.562341 1317.977586 1551.724138 
2000.000000 0.000000 2551.475146 1359.356897 1551.724138 
2000.000000 0.000000 2530.216380 1400.736207 1551.724138 
2000.000000 0.000000 2508.903342 1442.115517 1551.724138 
2000.000000 0.000000 2495.264476 1483.494828 1551.724138 
2000.000000 0.000000 2484.604446 1524.874138 1551.724138 
2000.000000 0.000000 2473.879671 1566.253448 1551.724138 
2000.000000 0.000000 2463.094265 1607.632759 1551.724138 
2000.000000 0.000000 2452.251719 1649.012069 1551.724138 
2000.000000 0.000000 2441.354941 1690.391379 1551.724138 
2000.000000 0.000000 2430.406298 1731.770690 1551.724138 
2000.000000 0.000000 2419.407789 1773.150000 1551.724138 
2000.000000 0.000000 2408.409281 1814.529310 1551.724138 
2000.000000 0.000000 2397.410773 1855.908621 1551.724138 
2000.000000 0.000000 2386.412264 1897.287931 1551.724138 
2000.000000 0.000000 2375.413756 1938.667241 1551.724138 
2000.000000 0.000000 2952.689994 573.150000 3103.448276 
2000.000000 0.000000 2949.541333 614.529310 3103.448276 
2000.000000 0.000000 2946.349844 655.908621 3103.448276 
2000.000000 0.000000 2943.383942 697.287931 3103.448276 
2000.000000 0.000000 2962.862472 738.667241 3103.448276 
2000.000000 0.000000 2953.376358 780.046552 3103.448276 
2000.000000 0.000000 2941.302496 821.425862 3103.448276 
2000.000000 0.000000 2925.217419 862.805172 3103.448276 
2000.000000 0.000000 2913.312141 904.184483 3103.448276 
2000.000000 0.000000 2902.320801 945.563793 3103.448276 
2000.000000 0.000000 2894.811518 986.943103 3103.448276 
2000.000000 0.000000 2766.049245 1028.322414 3103.448276 
2000.000000 0.000000 2737.852058 1069.701724 3103.448276 
2000.000000 0.000000 2710.086540 1111.081034 3103.448276 
2000.000000 0.000000 2686.644612 1152.460345 3103.448276 
2000.000000 0.000000 2667.601529 1193.839655 3103.448276 
2000.000000 0.000000 2646.486623 1235.218966 3103.448276 
2000.000000 0.000000 2625.606535 1276.598276 3103.448276 
2000.000000 0.000000 2601.592531 1317.977586 3103.448276 
2000.000000 0.000000 2578.522044 1359.356897 3103.448276 
2000.000000 0.000000 2558.308723 1400.736207 3103.448276 
2000.000000 0.000000 2537.665427 1442.115517 3103.448276 
2000.000000 0.000000 2517.898152 1483.494828 3103.448276 
2000.000000 0.000000 2507.314034 1524.874138 3103.448276 
2000.000000 0.000000 2496.668111 1566.253448 3103.448276 
2000.000000 0.000000 2485.963988 1607.632759 3103.448276 
2000.000000 0.000000 2475.204716 1649.012069 3103.448276 
2000.000000 0.000000 2464.392856 1690.391379 3103.448276 
2000.000000 0.000000 2453.530570 1731.770690 3103.448276 
2000.000000 0.000000 2442.619650 1773.150000 3103.448276 
2000.000000 0.000000 2431.708729 1814.529310 3103.448276 
2000.000000 0.000000 2420.797809 1855.908621 3103.448276 
2000.000000 0.000000 2409.886889 1897.287931 3103.448276 
2000.000000 0.000000 2398.975969 1938.667241 3103.448276 
2000.000000 0.000000 2954.011472 573.150000 4655.172414 
2000.000000 0.000000 2957.286738 614.529310 4655.172414 
2000.000000 0.000000 2954.298701 655.908621 4655.172414 
2000.000000 0.000000 2951.381938 697.287931 4655.172414 
2000.000000 0.000000 2998.632398 738.667241 4655.172414 
2000.000000 0.000000 2971.761828 780.046552 4655.172414 
2000.000000 0.000000 2959.666535 821.425862 4655.172414 
2000.000000 0.000000 2949.119707 862.805172 4655.172414 
2000.000000 0.000000 2937.873050 904.184483 4655.172414 
2000.000000 0.000000 2923.884146 945.563793 4655.172414 
2000.000000 0.000000 2801.039307 986.943103 4655.172414 
2000.000000 0.000000 2746.915589 1028.322414 4655.172414 
2000.000000 0.000000 2735.099299 1069.701724 4655.172414 
2000.000000 0.000000 2722.000425 1111.081034 4655.172414 
2000.000000 0.000000 2708.351721 1152.460345 4655.172414 
2000.000000 0.000000 2691.733795 1193.839655 4655.172414 
2000.000000 0.000000 2672.473440 1235.218966 4655.172414 
2000.000000 0.000000 2652.528492 1276.598276 4655.172414 
2000.000000 0.000000 2630.799091 1317.977586 4655.172414 
2000.000000 0.000000 2606.886618 1359.356897 4655.172414 
2000.000000 0.000000 2584.825695 1400.736207 4655.172414 
2000.000000 0.000000 2564.229074 1442.115517 4655.172414 
2000.000000 0.000000 2543.111058 1483.494828 4655.172414 
2000.000000 0.000000 2528.466553 1524.874138 4655.172414 
2000.000000 0.000000 2517.886630 1566.253448 4655.172414 
2000.000000 0.000000 2507.250509 1607.632759 4655.172414 
2000.000000 0.000000 2496.560879 1649.012069 4655.172414 
2000.000000 0.000000 2485.820048 1690.391379 4655.172414 
2000.000000 0.000000 2475.029954 1731.770690 4655.172414 
2000.000000 0.000000 2464.192215 1773.150000 4655.172414 
2000.000000 0.000000 2453.354477 1814.529310 4655.172414 
2000.000000 0.000000 2442.516738 1855.908621 4655.172414 
2000.000000 0.000000 2431.679000 1897.287931 4655.172414 
2000.000000 0.000000 2420.841262 1938.667241 4655.172414 
2000.000000 0.000000 2967.585964 573.150000 6206.896552 
2000.000000 0.000000 2958.652270 614.529310 6206.896552 
2000.000000 0.000000 2962.740866 655.908621 6206.896552 
2000.000000 0.000000 2960.020186 697.287931 6206.896552 
2000.000000 0.000000 2983.646452 738.667241 6206.896552 
2000.000000 0.000000 3024.657499 780.046552 6206.896552 
2000.000000 0.000000 2988.098042 821.425862 6206.896552 
2000.000000 0.000000 2966.640902 862.805172 6206.896552 
2000.000000 0.000000 2956.307166 904.184483 6206.896552 
2000.000000 0.000000 2905.828521 945.563793 6206.896552 
2000.000000 0.000000 2796.400331 986.943103 6206.896552 
2000.000000 0.000000 2774.366039 1028.322414 6206.896552 
2000.000000 0.000000 2752.843778 1069.701724 6206.896552 
2000.000000 0.000000 2740.974023 1111.081034 6206.896552 
2000.000000 0.000000 2728.777880 1152.460345 6206.896552 
2000.000000 0.000000 2713.362579 1193.839655 6206.896552 
2000.000000 0.000000 2696.208561 1235.218966 6206.896552 
2000.000000 0.000000 2677.927800 1276.598276 6206.896552 
2000.000000 0.000000 2658.793323 1317.977586 6206.896552 
2000.000000 0.000000 2636.358519 1359.356897 6206.896552 
2000.000000 0.000000 2609.315444 1400.736207 6206.896552 
2000.000000 0.000000 2589.629987 1442.115517 6206.896552 
2000.000000 0.000000 2568.620119 1483.494828 6206.896552 
2000.000000 0.000000 2548.310189 1524.874138 6206.896552 
2000.000000 0.000000 2537.786558 1566.253448 6206.896552 
2000.000000 0.000000 2527.208387 1607.632759 6206.896552 
2000.000000 0.000000 2516.578079 1649.012069 6206.896552 
2000.000000 0.000000 2505.897694 1690.391379 6206.896552 
2000.000000 0.000000 2495.168991 1731.770690 6206.896552 
2000.000000 0.000000 2484.393461 1773.150000 6206.896552 
2000.000000 0.000000 2473.617930 1814.529310 6206.896552 
2000.000000 0.000000 2462.842399 1855.908621 6206.896552 
2000.000000 0.000000 2452.066868 1897.287931 6206.896552 
2000.000000 0.000000 2441.291337 1938.667241 6206.896552 
2000.000000 0.000000 3098.504431 573.150000 7758.620690 
2000.000000 0.000000 3094.468999 614.529310 7758.620690 
2000.000000 0.000000 2972.398632 655.908621 7758.620690 
2000.000000 0.000000 2969.845274 697.287931 7758.620690 
2000.000000 0.000000 2968.100693 738.667241 7758.620690 
2000.000000 0.000000 3046.753225 780.046552 7758.620690 
2000.000000 0.000000 3034.549596 821.425862 7758.620690 
2000.000000 0.000000 3001.946752 862.805172 7758.620690 
2000.000000 0.000000 2976.138074 904.184483 7758.620690 
2000.000000 0.000000 2855.485348 945.563793 7758.620690 
2000.000000 0.000000 2822.654375 986.943103 7758.620690 
2000.000000 0.000000 2800.991633 1028.322414 7758.620690 
2000.000000 0.000000 2781.020879 1069.701724 7758.620690 
2000.000000 0.000000 2760.158589 1111.081034 7758.620690 
2000.000000 0.000000 2748.506203 1152.460345 7758.620690 
2000.000000 0.000000 2734.369356 1193.839655 7758.620690 
2000.000000 0.000000 2717.800583 1235.218966 7758.620690 
2000.000000 0.000000 2700.781217 1276.598276 7758.620690 
2000.000000 0.000000 2683.607612 1317.977586 7758.620690 
2000.000000 0.000000 2663.113184 1359.356897 7758.620690 
2000.000000 0.000000 2636.990618 1400.736207 7758.620690 
2000.000000 0.000000 2613.193738 1442.115517 7758.620690 
2000.000000 0.000000 2593.021470 1483.494828 7758.620690 
2000.000000 0.000000 2571.568937 1524.874138 7758.620690 
2000.000000 0.000000 2556.558667 1566.253448 7758.620690 
2000.000000 0.000000 2546.030667 1607.632759 7758.620690 
2000.000000 0.000000 2535.451641 1649.012069 7758.620690 
2000.000000 0.000000 2524.823453 1690.391379 7758.620690 
2000.000000 0.000000 2514.147719 1731.770690 7758.620690 
2000.000000 0.000000 2503.425805 1773.150000 7758.620690 
2000.000000 0.000000 2492.703891 1814.529310 7758.620690 
2000.000000 0.000000 2481.981977 1855.908621 7758.620690 
2000.000000 0.000000 2471.260063 1897.287931 7758.620690 
2000.000000 0.000000 2460.538150 1938.667241 7758.620690 
2000.000000 0.000000 3114.280148 573.150000 9310.344828 
2000.000000 0.000000 3100.812549 614.529310 9310.344828 
2000.000000 0.000000 3097.825923 655.908621 9310.344828 
2000.000000 0.000000 3111.332846 697.287931 9310.344828 
2000.000000 0.000000 3081.249573 738.667241 9310.344828 
2000.000000 0.000000 3081.073315 780.046552 9310.344828 
2000.000000 0.000000 3058.568992 821.425862 9310.344828 
2000.000000 0.000000 3036.372318 862.805172 9310.344828 
2000.000000 0.000000 2903.266879 904.184483 9310.344828 
2000.000000 0.000000 2880.812152 945.563793 9310.344828 
2000.000000 0.000000 2851.266676 986.943103 9310.344828 
2000.000000 0.000000 2831.050776 1028.322414 9310.344828 
2000.000000 0.000000 2810.071542 1069.701724 9310.344828 
2000.000000 0.000000 2797.859799 1111.081034 9310.344828 
2000.000000 0.000000 2786.479439 1152.460345 9310.344828 
2000.000000 0.000000 2776.373634 1193.839655 9310.344828 
2000.000000 0.000000 2758.663905 1235.218966 9310.344828 
2000.000000 0.000000 2732.741665 1276.598276 9310.344828 
2000.000000 0.000000 2705.752741 1317.977586 9310.344828 
2000.000000 0.000000 2685.085931 1359.356897 9310.344828 
2000.000000 0.000000 2661.098018 1400.736207 9310.344828 
2000.000000 0.000000 2637.854280 1442.115517 9310.344828 
2000.000000 0.000000 2615.833840 1483.494828 9310.344828 
2000.000000 0.000000 2595.089258 1524.874138 9310.344828 
2000.000000 0.000000 2574.351845 1566.253448 9310.344828 
2000.000000 0.000000 2563.867863 1607.632759 9310.344828 
2000.000000 0.000000 2553.333740 1649.012069 9310.344828 
2000.000000 0.000000 2542.751200 1690.391379 9310.344828 
2000.000000 0.000000 2532.121724 1731.770690 9310.344828 
2000.000000 0.000000 2521.446577 1773.150000 9310.344828 
2000.000000 0.000000 2510.771430 1814.529310 9310.344828 
2000.000000 0.000000 2500.096283 1855.908621 9310.344828 
2000.000000 0.000000 2489.421135 1897.287931 9310.344828 
2000.000000 0.000000 2478.745988 1938.667241 9310.344828 
2000.000000 0.000000 3120.281010 573.150000 10862.068966 
2000.000000 0.000000 3116.387486 614.529310 10862.068966 
2000.000000 0.000000 3103.279185 655.908621 10862.068966 
2000.000000 0.000000 3117.409239 697.287931 10862.068966 
2000.000000 0.000000 3113.687193 738.667241 10862.068966 
2000.000000 0.000000 3098.168641 780.046552 10862.068966 
2000.000000 0.000000 3089.021250 821.425862 10862.068966 
2000.000000 0.000000 3079.078172 862.805172 10862.068966 
2000.000000 0.000000 2941.738399 904.184483 10862.068966 
2000.000000 0.000000 2905.672638 945.563793 10862.068966 
2000.000000 0.000000 2886.439500 986.943103 10862.068966 
2000.000000 0.000000 2871.627435 1028.322414 10862.068966 
2000.000000 0.000000 2857.172952 1069.701724 10862.068966 
2000.000000 0.000000 2842.971503 1111.081034 10862.068966 
2000.000000 0.000000 2831.082239 1152.460345 10862.068966 
2000.000000 0.000000 2823.667328 1193.839655 10862.068966 
2000.000000 0.000000 2807.835011 1235.218966 10862.068966 
2000.000000 0.000000 2784.510222 1276.598276 10862.068966 
2000.000000 0.000000 2753.636066 1317.977586 10862.068966 
2000.000000 0.000000 2720.003691 1359.356897 10862.068966 
2000.000000 0.000000 2694.845143 1400.736207 10862.068966 
2000.000000 0.000000 2660.980573 1442.115517 10862.068966 
2000.000000 0.000000 2639.679477 1483.494828 10862.068966 
2000.000000 0.000000 2617.730399 1524.874138 10862.068966 
2000.000000 0.000000 2595.888400 1566.253448 10862.068966 
2000.000000 0.000000 2580.840058 1607.632759 10862.068966 
2000.000000 0.000000 2570.345712 1649.012069 10862.068966 
2000.000000 0.000000 2559.803520 1690.391379 10862.068966 
2000.000000 0.000000 2549.214869 1731.770690 10862.068966 
2000.000000 0.000000 2538.580952 1773.150000 10862.068966 
2000.000000 0.000000 2527.947035 1814.529310 10862.068966 
2000.000000 0.000000 2517.313118 1855.908621 10862.068966 
2000.000000 0.000000 2506.679200 1897.287931 10862.068966 
2000.000000 0.000000 2496.045283 1938.667241 10862.068966 
2000.000000 0.000000 3126.196806 573.150000 12413.793103 
2000.000000 0.000000 3122.432617 614.529310 12413.793103 
2000.000000 0.000000 3118.445078 655.908621 12413.793103 
2000.000000 0.000000 3107.405383 697.287931 12413.793103 
2000.000000 0.000000 3119.831373 738.667241 12413.793103 
2000.000000 0.000000 3108.614664 780.046552 12413.793103 
2000.000000 0.000000 3100.492217 821.425862 12413.793103 
2000.000000 0.000000 3091.500612 862.805172 12413.793103 
2000.000000 0.000000 3052.248224 904.184483 12413.793103 
2000.000000 0.000000 2926.950268 945.563793 12413.793103 
2000.000000 0.000000 2916.236448 986.943103 12413.793103 
2000.000000 0.000000 2904.931151 1028.322414 12413.793103 
2000.000000 0.000000 2893.174549 1069.701724 12413.793103 
2000.000000 0.000000 2881.951015 1111.081034 12413.793103 
2000.000000 0.000000 2869.920929 1152.460345 12413.793103 
2000.000000 0.000000 2860.106695 1193.839655 12413.793103 
2000.000000 0.000000 2847.160765 1235.218966 12413.793103 
2000.000000 0.000000 2828.250679 1276.598276 12413.793103 
2000.000000 0.000000 2801.888140 1317.977586 12413.793103 
2000.000000 0.000000 2769.541908 1359.356897 12413.793103 
2000.000000 0.000000 2730.425739 1400.736207 12413.793103 
2000.000000 0.000000 2697.309052 1442.115517 12413.793103 
2000.000000 0.000000 2669.803060 1483.494828 12413.793103 
2000.000000 0.000000 2640.386653 1524.874138 12413.793103 
2000.000000 0.000000 2618.515812 1566.253448 12413.793103 
2000.000000 0.000000 2597.044911 1607.632759 12413.793103 
2000.000000 0.000000 2586.586143 1649.012069 12413.793103 
2000.000000 0.000000 2576.079966 1690.391379 12413.793103 
2000.000000 0.000000 2565.527692 1731.770690 12413.793103 
2000.000000 0.000000 2554.930444 1773.150000 12413.793103 
2000.000000 0.000000 2544.333196 1814.529310 12413.793103 
2000.000000 0.000000 2533.735948 1855.908621 12413.793103 
2000.000000 0.000000 2523.138701 1897.287931 12413.793103 
2000.000000 0.000000 2512.541453 1938.667241 12413.793103 
2000.000000 0.000000 3137.213916 573.150000 13965.517241 
2000.000000 0.000000 3133.438859 614.529310 13965.517241 
2000.000000 0.000000 3129.437684 655.908621 13965.517241 
2000.000000 0.000000 3120.498383 697.287931 13965.517241 
2000.000000 0.000000 3125.812456 738.667241 13965.517241 
2000.000000 0.000000 3122.541498 780.046552 13965.517241 
2000.000000 0.000000 3121.607854 821.425862 13965.517241 
2000.000000 0.000000 3103.548990 862.805172 13965.517241 
2000.000000 0.000000 3096.200344 904.184483 13965.517241 
2000.000000 0.000000 2962.449250 945.563793 13965.517241 
2000.000000 0.000000 2947.009725 986.943103 13965.517241 
2000.000000 0.000000 2934.073791 1028.322414 13965.517241 
2000.000000 0.000000 2923.824198 1069.701724 13965.517241 
2000.000000 0.000000 2912.661656 1111.081034 13965.517241 
2000.000000 0.000000 2902.275859 1152.460345 13965.517241 
2000.000000 0.000000 2893.388358 1193.839655 13965.517241 
2000.000000 0.000000 2881.888021 1235.218966 13965.517241 
2000.000000 0.000000 2863.119071 1276.598276 13965.517241 
2000.000000 0.000000 2834.968832 1317.977586 13965.517241 
2000.000000 0.000000 2801.083033 1359.356897 13965.517241 
2000.000000 0.000000 2763.883711 1400.736207 13965.517241 
2000.000000 0.000000 2726.672773 1442.115517 13965.517241 
2000.000000 0.000000 2696.037987 1483.494828 13965.517241 
2000.000000 0.000000 2671.679647 1524.874138 13965.517241 
2000.000000 0.000000 2639.988220 1566.253448 13965.517241 
2000.000000 0.000000 2617.239190 1607.632759 13965.517241 
2000.000000 0.000000 2602.136459 1649.012069 13965.517241 
2000.000000 0.000000 2591.662714 1690.391379 13965.517241 
2000.000000 0.000000 2581.143118 1731.770690 13965.517241 
2000.000000 0.000000 2570.578751 1773.150000 13965.517241 
2000.000000 0.000000 2560.014384 1814.529310 13965.517241 
2000.000000 0.000000 2549.450017 1855.908621 13965.517241 
2000.000000 0.000000 2538.885650 1897.287931 13965.517241 
2000.000000 0.000000 2528.321283 1938.667241 13965.517241 
2000.000000 0.000000 3163.549511 573.150000 15517.241379 
2000.000000 0.000000 3142.868888 614.529310 15517.241379 
2000.000000 0.000000 3135.564609 655.908621 15517.241379 
2000.000000 0.000000 3131.538671 697.287931 15517.241379 
2000.000000 0.000000 3122.622611 738.667241 15517.241379 
2000.000000 0.000000 3146.318254 780.046552 15517.241379 
2000.000000 0.000000 3175.312540 821.425862 15517.241379 
2000.000000 0.000000 3158.615911 862.805172 15517.241379 
2000.000000 0.000000 3150.746718 904.184483 15517.241379 
2000.000000 0.000000 3028.148000 945.563793 15517.241379 
2000.000000 0.000000 2981.668829 986.943103 15517.241379 
2000.000000 0.000000 2965.658984 1028.322414 15517.241379 
2000.000000 0.000000 2953.063282 1069.701724 15517.241379 
2000.000000 0.000000 2942.013097 1111.081034 15517.241379 
2000.000000 0.000000 2932.765909 1152.460345 15517.241379 
2000.000000 0.000000 2923.909983 1193.839655 15517.241379 
2000.000000 0.000000 2905.482946 1235.218966 15517.241379 
2000.000000 0.000000 2884.517302 1276.598276 15517.241379 
2000.000000 0.000000 2859.401075 1317.977586 15517.241379 
2000.000000 0.000000 2828.912776 1359.356897 15517.241379 
2000.000000 0.000000 2793.676219 1400.736207 15517.241379 
2000.000000 0.000000 2757.145387 1442.115517 15517.241379 
2000.000000 0.000000 2722.718419 1483.494828 15517.241379 
2000.000000 0.000000 2694.212866 1524.874138 15517.241379 
2000.000000 0.000000 2670.290886 1566.253448 15517.241379 
2000.000000 0.000000 2639.388820 1607.632759 15517.241379 
2000.000000 0.000000 2617.064838 1649.012069 15517.241379 
2000.000000 0.000000 2606.620523 1690.391379 15517.241379 
2000.000000 0.000000 2596.130511 1731.770690 15517.241379 
2000.000000 0.000000 2585.595860 1773.150000 15517.241379 
2000.000000 0.000000 2575.061209 1814.529310 15517.241379 
2000.000000 0.000000 2564.526558 1855.908621 15517.241379 
2000.000000 0.000000 2553.991907 1897.287931 15517.241379 
2000.000000 0.000000 2543.457256 1938.667241 15517.241379 
2000.000000 0.000000 3212.343658 573.150000 17068.965517 
2000.000000 0.000000 3201.675878 614.529310 17068.965517 
2000.000000 0.000000 3190.537717 655.908621 17068.965517 
2000.000000 0.000000 3179.264266 697.287931 17068.965517 
2000.000000 0.000000 3168.224040 738.667241 17068.965517 
2000.000000 0.000000 3181.300763 780.046552 17068.965517 
2000.000000 0.000000 3239.735455 821.425862 17068.965517 
2000.000000 0.000000 3206.064086 862.805172 17068.965517 
2000.000000 0.000000 3200.536392 904.184483 17068.965517 
2000.000000 0.000000 3194.565607 945.563793 17068.965517 
2000.000000 0.000000 3019.127546 986.943103 17068.965517 
2000.000000 0.000000 2997.040755 1028.322414 17068.965517 
2000.000000 0.000000 2982.775924 1069.701724 17068.965517 
2000.000000 0.000000 2971.538723 1111.081034 17068.965517 
2000.000000 0.000000 2962.976504 1152.460345 17068.965517 
2000.000000 0.000000 2941.936125 1193.839655 17068.965517 
2000.000000 0.000000 2923.864430 1235.218966 17068.965517 
2000.000000 0.000000 2904.159451 1276.598276 17068.965517 
2000.000000 0.000000 2881.313712 1317.977586 17068.965517 
2000.000000 0.000000 2853.874514 1359.356897 17068.965517 
2000.000000 0.000000 2821.364008 1400.736207 17068.965517 
2000.000000 0.000000 2785.608651 1442.115517 17068.965517 
2000.000000 0.000000 2750.393541 1483.494828 17068.965517 
2000.000000 0.000000 2718.652108 1524.874138 17068.965517 
2000.000000 0.000000 2691.809421 1566.253448 17068.965517 
2000.000000 0.000000 2668.050721 1607.632759 17068.965517 
2000.000000 0.000000 2641.019414 1649.012069 17068.965517 
2000.000000 0.000000 2621.011634 1690.391379 17068.965517 
2000.000000 0.000000 2610.548601 1731.770690 17068.965517 
2000.000000 0.000000 2600.040979 1773.150000 17068.965517 
2000.000000 0.000000 2589.533357 1814.529310 17068.965517 
2000.000000 0.000000 2579.025734 1855.908621 17068.965517 
2000.000000 0.000000 2568.518112 1897.287931 17068.965517 
2000.000000 0.000000 2558.010490 1938.667241 17068.965517 
2000.000000 0.000000 3246.462712 573.150000 18620.689655 
2000.000000 0.000000 3238.455871 614.529310 18620.689655 
2000.000000 0.000000 3231.928598 655.908621 18620.689655 
2000.000000 0.000000 3225.599447 697.287931 18620.689655 
2000.000000 0.000000 3219.559374 738.667241 18620.689655 
2000.000000 0.000000 3213.681292 780.046552 18620.689655 
2000.000000 0.000000 3259.543032 821.425862 18620.689655 
2000.000000 0.000000 3258.141739 862.805172 18620.689655 
2000.000000 0.000000 3243.286102 904.184483 18620.689655 
2000.000000 0.000000 3240.962593 945.563793 18620.689655 
2000.000000 0.000000 3055.806770 986.943103 18620.689655 
2000.000000 0.000000 3036.087868 1028.322414 18620.689655 
2000.000000 0.000000 3015.299888 1069.701724 18620.689655 
2000.000000 0.000000 3003.684567 1111.081034 18620.689655 
2000.000000 0.000000 2986.911061 1152.460345 18620.689655 
2000.000000 0.000000 2961.760094 1193.839655 18620.689655 
2000.000000 0.000000 2941.737916 1235.218966 18620.689655 
2000.000000 0.000000 2922.650362 1276.598276 18620.689655 
2000.000000 0.000000 2901.363609 1317.977586 18620.689655 
2000.000000 0.000000 2876.384735 1359.356897 18620.689655 
2000.000000 0.000000 2846.674821 1400.736207 18620.689655 
2000.000000 0.000000 2812.738004 1442.115517 18620.689655 
2000.000000 0.000000 2777.297022 1483.494828 18620.689655 
2000.000000 0.000000 2743.775509 1524.874138 18620.689655 
2000.000000 0.000000 2714.265803 1566.253448 18620.689655 
2000.000000 0.000000 2688.718523 1607.632759 18620.689655 
2000.000000 0.000000 2665.035044 1649.012069 18620.689655 
2000.000000 0.000000 2637.517863 1690.391379 18620.689655 
2000.000000 0.000000 2624.447620 1731.770690 18620.689655 
2000.000000 0.000000 2613.964740 1773.150000 18620.689655 
2000.000000 0.000000 2603.481860 1814.529310 18620.689655 
2000.000000 0.000000 2592.998980 1855.908621 18620.689655 
2000.000000 0.000000 2582.516100 1897.287931 18620.689655 
2000.000000 0.000000 2572.033220 1938.667241 18620.689655 
2000.000000 0.000000 3255.361192 573.150000 20172.413793 
2000.000000 0.000000 3251.130159 614.529310 20172.413793 
2000.000000 0.000000 3247.385439 655.908621 20172.413793 
2000.000000 0.000000 3242.835914 697.287931 20172.413793 
2000.000000 0.000000 3240.083309 738.667241 20172.413793 
2000.000000 0.000000 3237.994560 780.046552 20172.413793 
2000.000000 0.000000 3262.809820 821.425862 20172.413793 
2000.000000 0.000000 3285.108028 862.805172 20172.413793 
2000.000000 0.000000 3283.257072 904.184483 20172.413793 
2000.000000 0.000000 3285.605267 945.563793 20172.413793 
2000.000000 0.000000 3287.710958 986.943103 20172.413793 
2000.000000 0.000000 3077.570875 1028.322414 20172.413793 
2000.000000 0.000000 3064.332486 1069.701724 20172.413793 
2000.000000 0.000000 3041.524819 1111.081034 20172.413793 
2000.000000 0.000000 3011.129914 1152.460345 20172.413793 
2000.000000 0.000000 2984.185546 1193.839655 20172.413793 
2000.000000 0.000000 2959.604076 1235.218966 20172.413793 
2000.000000 0.000000 2940.518230 1276.598276 20172.413793 
2000.000000 0.000000 2920.137410 1317.977586 20172.413793 
2000.000000 0.000000 2896.977213 1359.356897 20172.413793 
2000.000000 0.000000 2869.746189 1400.736207 20172.413793 
2000.000000 0.000000 2838.082453 1442.115517 20172.413793 
2000.000000 0.000000 2803.495827 1483.494828 20172.413793 
2000.000000 0.000000 2769.028492 1524.874138 20172.413793 
2000.000000 0.000000 2737.349943 1566.253448 20172.413793 
2000.000000 0.000000 2709.642910 1607.632759 20172.413793 
2000.000000 0.000000 2685.005217 1649.012069 20172.413793 
2000.000000 0.000000 2664.319858 1690.391379 20172.413793 
2000.000000 0.000000 2637.870954 1731.770690 20172.413793 
2000.000000 0.000000 2627.410853 1773.150000 20172.413793 
2000.000000 0.000000 2616.950753 1814.529310 20172.413793 
2000.000000 0.000000 2606.490653 1855.908621 20172.413793 
2000.000000 0.000000 2596.030553 1897.287931 20172.413793 
2000.000000 0.000000 2585.570453 1938.667241 20172.413793 
2000.000000 0.000000 3269.030684 573.150000 21724.137931 
2000.000000 0.000000 3265.560394 614.529310 21724.137931 
2000.000000 0.000000 3255.356135 655.908621 21724.137931 
2000.000000 0.000000 3253.745546 697.287931 21724.137931 
2000.000000 0.000000 3251.727471 738.667241 21724.137931 
2000.000000 0.000000 3249.677438 780.046552 21724.137931 
2000.000000 0.000000 3247.218658 821.425862 21724.137931 
2000.000000 0.000000 3303.973802 862.805172 21724.137931 
2000.000000 0.000000 3323.130939 904.184483 21724.137931 
2000.000000 0.000000 3354.301665 945.563793 21724.137931 
2000.000000 0.000000 3395.048344 986.943103 21724.137931 
2000.000000 0.000000 3129.974878 1028.322414 21724.137931 
2000.000000 0.000000 3101.947877 1069.701724 21724.137931 
2000.000000 0.000000 3069.655278 1111.081034 21724.137931 
2000.000000 0.000000 3036.409914 1152.460345 21724.137931 
2000.000000 0.000000 3007.467566 1193.839655 21724.137931 
2000.000000 0.000000 2980.644360 1235.218966 21724.137931 
2000.000000 0.000000 2958.250438 1276.598276 21724.137931 
2000.000000 0.000000 2938.157545 1317.977586 21724.137931 
2000.000000 0.000000 2916.186606 1359.356897 21724.137931 
2000.000000 0.000000 2890.936171 1400.736207 21724.137931 
2000.000000 0.000000 2861.541787 1442.115517 21724.137931 
2000.000000 0.000000 2828.496796 1483.494828 21724.137931 
2000.000000 0.000000 2794.042408 1524.874138 21724.137931 
2000.000000 0.000000 2760.960058 1566.253448 21724.137931 
2000.000000 0.000000 2731.122103 1607.632759 21724.137931 
2000.000000 0.000000 2704.898917 1649.012069 21724.137931 
2000.000000 0.000000 2680.678615 1690.391379 21724.137931 
2000.000000 0.000000 2660.824209 1731.770690 21724.137931 
2000.000000 0.000000 2640.417337 1773.150000 21724.137931 
2000.000000 0.000000 2620.010464 1814.529310 21724.137931 
2000.000000 0.000000 2599.603592 1855.908621 21724.137931 
2000.000000 0.000000 2579.196719 1897.287931 21724.137931 
2000.000000 0.000000 2558.789847 1938.667241 21724.137931 
2000.000000 0.000000 3278.756750 573.150000 23275.862069 
2000.000000 0.000000 3272.650511 614.529310 23275.862069 
2000.000000 0.000000 3270.016876 655.908621 23275.862069 
2000.000000 0.000000 3263.059516 697.287931 23275.862069 
2000.000000 0.000000 3260.994970 738.667241 23275.862069 
2000.000000 0.000000 3258.738323 780.046552 23275.862069 
2000.000000 0.000000 3255.715373 821.425862 23275.862069 
2000.000000 0.000000 3292.682632 862.805172 23275.862069 
2000.000000 0.000000 3344.566762 904.184483 23275.862069 
2000.000000 0.000000 3408.311713 945.563793 23275.862069 
2000.000000 0.000000 3403.602570 986.943103 23275.862069 
2000.000000 0.000000 3398.881012 1028.322414 23275.862069 
2000.000000 0.000000 3123.838374 1069.701724 23275.862069 
2000.000000 0.000000 3094.796519 1111.081034 23275.862069 
2000.000000 0.000000 3061.848291 1152.460345 23275.862069 
2000.000000 0.000000 3031.647939 1193.839655 23275.862069 
2000.000000 0.000000 3003.142464 1235.218966 23275.862069 
2000.000000 0.000000 2976.292816 1276.598276 23275.862069 
2000.000000 0.000000 2955.900026 1317.977586 23275.862069 
2000.000000 0.000000 2934.513432 1359.356897 23275.862069 
2000.000000 0.000000 2910.685881 1400.736207 23275.862069 
2000.000000 0.000000 2883.275307 1442.115517 23275.862069 
2000.000000 0.000000 2852.055928 1483.494828 23275.862069 
2000.000000 0.000000 2818.357056 1524.874138 23275.862069 
2000.000000 0.000000 2784.659440 1566.253448 23275.862069 
2000.000000 0.000000 2753.160939 1607.632759 23275.862069 
2000.000000 0.000000 2725.052831 1649.012069 23275.862069 
2000.000000 0.000000 2699.886588 1690.391379 23275.862069 
2000.000000 0.000000 2679.900924 1731.770690 23275.862069 
2000.000000 0.000000 2655.256866 1773.150000 23275.862069 
2000.000000 0.000000 2630.612808 1814.529310 23275.862069 
2000.000000 0.000000 2605.968751 1855.908621 23275.862069 
2000.000000 0.000000 2581.324693 1897.287931 23275.862069 
2000.000000 0.000000 2556.680635 1938.667241 23275.862069 
2000.000000 0.000000 3294.756896 573.150000 24827.586207 
2000.000000 0.000000 3287.679102 614.529310 24827.586207 
2000.000000 0.000000 3283.544579 655.908621 24827.586207 
2000.000000 0.000000 3274.138350 697.287931 24827.586207 
2000.000000 0.000000 3269.660952 738.667241 24827.586207 
2000.000000 0.000000 3267.163880 780.046552 24827.586207 
2000.000000 0.000000 3264.309173 821.425862 24827.586207 
2000.000000 0.000000 3293.786012 862.805172 24827.586207 
2000.000000 0.000000 3410.863934 904.184483 24827.586207 
2000.000000 0.000000 3414.416815 945.563793 24827.586207 
2000.000000 0.000000 3409.771245 986.943103 24827.586207 
2000.000000 0.000000 3405.111202 1028.322414 24827.586207 
2000.000000 0.000000 3143.163395 1069.701724 24827.586207 
2000.000000 0.000000 3117.063463 1111.081034 24827.586207 
2000.000000 0.000000 3087.280329 1152.460345 24827.586207 
2000.000000 0.000000 3055.997716 1193.839655 24827.586207 
2000.000000 0.000000 3026.396977 1235.218966 24827.586207 
2000.000000 0.000000 2998.133820 1276.598276 24827.586207 
2000.000000 0.000000 2973.789715 1317.977586 24827.586207 
2000.000000 0.000000 2952.417895 1359.356897 24827.586207 
2000.000000 0.000000 2929.448421 1400.736207 24827.586207 
2000.000000 0.000000 2903.592421 1442.115517 24827.586207 
2000.000000 0.000000 2874.160041 1483.494828 24827.586207 
2000.000000 0.000000 2841.679150 1524.874138 24827.586207 
2000.000000 0.000000 2808.044796 1566.253448 24827.586207 
2000.000000 0.000000 2775.504144 1607.632759 24827.586207 
2000.000000 0.000000 2745.654117 1649.012069 24827.586207 
2000.000000 0.000000 2719.046668 1690.391379 24827.586207 
2000.000000 0.000000 2694.524696 1731.770690 24827.586207 
2000.000000 0.000000 2680.090537 1773.150000 24827.586207 
2000.000000 0.000000 2665.656379 1814.529310 24827.586207 
2000.000000 0.000000 2651.222221 1855.908621 24827.586207 
2000.000000 0.000000 2636.788062 1897.287931 24827.586207 
2000.000000 0.000000 2622.353904 1938.667241 24827.586207 
2000.000000 0.000000 3301.801938 573.150000 26379.310345 
2000.000000 0.000000 3297.377837 614.529310 26379.310345 
2000.000000 0.000000 3293.414007 655.908621 26379.310345 
2000.000000 0.000000 3290.029048 697.287931 26379.310345 
2000.000000 0.000000 3282.722764 738.667241 26379.310345 
2000.000000 0.000000 3274.970637 780.046552 26379.310345 
2000.000000 0.000000 3272.026886 821.425862 26379.310345 
2000.000000 0.000000 3295.864463 862.805172 26379.310345 
2000.000000 0.000000 3352.122933 904.184483 26379.310345 
2000.000000 0.000000 3420.317825 945.563793 26379.310345 
2000.000000 0.000000 3415.733665 986.943103 26379.310345 
2000.000000 0.000000 3411.134754 1028.322414 26379.310345 
2000.000000 0.000000 3406.520078 1069.701724 26379.310345 
2000.000000 0.000000 3136.762069 1111.081034 26379.310345 
2000.000000 0.000000 3109.842906 1152.460345 26379.310345 
2000.000000 0.000000 3079.478417 1193.839655 26379.310345 
2000.000000 0.000000 3049.890730 1235.218966 26379.310345 
2000.000000 0.000000 3020.619528 1276.598276 26379.310345 
2000.000000 0.000000 2992.387693 1317.977586 26379.310345 
2000.000000 0.000000 2970.307405 1359.356897 26379.310345 
2000.000000 0.000000 2947.656803 1400.736207 26379.310345 
2000.000000 0.000000 2922.868203 1442.115517 26379.310345 
2000.000000 0.000000 2894.971686 1483.494828 26379.310345 
2000.000000 0.000000 2863.887475 1524.874138 26379.310345 
2000.000000 0.000000 2830.826943 1566.253448 26379.310345 
2000.000000 0.000000 2797.823177 1607.632759 26379.310345 
2000.000000 0.000000 2766.654378 1649.012069 26379.310345 
2000.000000 0.000000 2738.425728 1690.391379 26379.310345 
2000.000000 0.000000 2712.943245 1731.770690 26379.310345 
2000.000000 0.000000 2693.812603 1773.150000 26379.310345 
2000.000000 0.000000 2674.681961 1814.529310 26379.310345 
2000.000000 0.000000 2655.551320 1855.908621 26379.310345 
2000.000000 0.000000 2636.420678 1897.287931 26379.310345 
2000.000000 0.000000 2617.290036 1938.667241 26379.310345 
2000.000000 0.000000 3326.642011 573.150000 27931.034483 
2000.000000 0.000000 3322.339922 614.529310 27931.034483 
2000.000000 0.000000 3319.134782 655.908621 27931.034483 
2000.000000 0.000000 3316.057538 697.287931 27931.034483 
2000.000000 0.000000 3312.472079 738.667241 27931.034483 
2000.000000 0.000000 3287.990040 780.046552 27931.034483 
2000.000000 0.000000 3279.462029 821.425862 27931.034483 
2000.000000 0.000000 3298.658441 862.805172 27931.034483 
2000.000000 0.000000 3354.346367 904.184483 27931.034483 
2000.000000 0.000000 3426.066418 945.563793 27931.034483 
2000.000000 0.000000 3421.540653 986.943103 27931.034483 
2000.000000 0.000000 3417.000905 1028.322414 27931.034483 
2000.000000 0.000000 3412.443047 1069.701724 27931.034483 
2000.000000 0.000000 3172.889560 1111.081034 27931.034483 
2000.000000 0.000000 3129.853220 1152.460345 27931.034483 
2000.000000 0.000000 3101.908501 1193.839655 27931.034483 
2000.000000 0.000000 3072.772562 1235.218966 27931.034483 
2000.000000 0.000000 3043.374241 1276.598276 27931.034483 
2000.000000 0.000000 3014.258862 1317.977586 27931.034483 
2000.000000 0.000000 2988.491027 1359.356897 27931.034483 
2000.000000 0.000000 2965.698245 1400.736207 27931.034483 
2000.000000 0.000000 2941.489970 1442.115517 27931.034483 
2000.000000 0.000000 2914.761927 1483.494828 27931.034483 
2000.000000 0.000000 2885.018871 1524.874138 27931.034483 
2000.000000 0.000000 2852.841456 1566.253448 27931.034483 
2000.000000 0.000000 2819.849349 1607.632759 27931.034483 
2000.000000 0.000000 2787.841622 1649.012069 27931.034483 
2000.000000 0.000000 2758.154797 1690.391379 27931.034483 
2000.000000 0.000000 2731.401794 1731.770690 27931.034483 
2000.000000 0.000000 2707.745194 1773.150000 27931.034483 
2000.000000 0.000000 2684.088593 1814.529310 27931.034483 
2000.000000 0.000000 2660.431992 1855.908621 27931.034483 
2000.000000 0.000000 2636.775392 1897.287931 27931.034483 
2000.000000 0.000000 2613.118791 1938.667241 27931.034483 
2000.000000 0.000000 3332.537574 573.150000 29482.758621 
2000.000000 0.000000 3330.615431 614.529310 29482.758621 
2000.000000 0.000000 3326.939985 655.908621 29482.758621 
2000.000000 0.000000 3323.762569 697.287931 29482.758621 
2000.000000 0.000000 3320.160525 738.667241 29482.758621 
2000.000000 0.000000 3315.906961 780.046552 29482.758621 
2000.000000 0.000000 3308.397451 821.425862 29482.758621 
2000.000000 0.000000 3327.176271 862.805172 29482.758621 
2000.000000 0.000000 3389.540926 904.184483 29482.758621 
2000.000000 0.000000 3462.818602 945.563793 29482.758621 
2000.000000 0.000000 3464.639142 986.943103 29482.758621 
2000.000000 0.000000 3422.741556 1028.322414 29482.758621 
2000.000000 0.000000 3418.238547 1069.701724 29482.758621 
2000.000000 0.000000 3413.707894 1111.081034 29482.758621 
2000.000000 0.000000 3147.661447 1152.460345 29482.758621 
2000.000000 0.000000 3122.321091 1193.839655 29482.758621 
2000.000000 0.000000 3094.343971 1235.218966 29482.758621 
2000.000000 0.000000 3065.709483 1276.598276 29482.758621 
2000.000000 0.000000 3036.393607 1317.977586 29482.758621 
2000.000000 0.000000 3007.229838 1359.356897 29482.758621 
2000.000000 0.000000 2983.870959 1400.736207 29482.758621 
2000.000000 0.000000 2959.816453 1442.115517 29482.758621 
2000.000000 0.000000 2933.850637 1483.494828 29482.758621 
2000.000000 0.000000 2905.233433 1524.874138 29482.758621 
2000.000000 0.000000 2874.046338 1566.253448 29482.758621 
2000.000000 0.000000 2841.410152 1607.632759 29482.758621 
2000.000000 0.000000 2808.982500 1649.012069 29482.758621 
2000.000000 0.000000 2778.186159 1690.391379 29482.758621 
2000.000000 0.000000 2750.024753 1731.770690 29482.758621 
2000.000000 0.000000 2724.425583 1773.150000 29482.758621 
2000.000000 0.000000 2698.826414 1814.529310 29482.758621 
2000.000000 0.000000 2673.227244 1855.908621 29482.758621 
2000.000000 0.000000 2647.628074 1897.287931 29482.758621 
2000.000000 0.000000 2622.028904 1938.667241 29482.758621 
2000.000000 0.000000 3341.176866 573.150000 31034.482759 
2000.000000 0.000000 3338.123014 614.529310 31034.482759 
2000.000000 0.000000 3334.334393 655.908621 31034.482759 
2000.000000 0.000000 3331.121765 697.287931 31034.482759 
2000.000000 0.000000 3327.473373 738.667241 31034.482759 
2000.000000 0.000000 3323.303010 780.046552 31034.482759 
2000.000000 0.000000 3318.231518 821.425862 31034.482759 
2000.000000 0.000000 3337.926685 862.805172 31034.482759 
2000.000000 0.000000 3397.924826 904.184483 31034.482759 
2000.000000 0.000000 3433.110437 945.563793 31034.482759 
2000.000000 0.000000 3469.903964 986.943103 31034.482759 
2000.000000 0.000000 3466.191582 1028.322414 31034.482759 
2000.000000 0.000000 3462.442805 1069.701724 31034.482759 
2000.000000 0.000000 3458.643333 1111.081034 31034.482759 
2000.000000 0.000000 3454.782770 1152.460345 31034.482759 
2000.000000 0.000000 3158.806255 1193.839655 31034.482759 
2000.000000 0.000000 3129.647812 1235.218966 31034.482759 
2000.000000 0.000000 3086.974334 1276.598276 31034.482759 
2000.000000 0.000000 3058.246359 1317.977586 31034.482759 
2000.000000 0.000000 3028.872374 1359.356897 31034.482759 
2000.000000 0.000000 3002.318434 1400.736207 31034.482759 
2000.000000 0.000000 2978.130854 1442.115517 31034.482759 
2000.000000 0.000000 2952.554368 1483.494828 31034.482759 
2000.000000 0.000000 2924.767255 1524.874138 31034.482759 
2000.000000 0.000000 2894.510172 1566.253448 31034.482759 
2000.000000 0.000000 2862.428726 1607.632759 31034.482759 
2000.000000 0.000000 2829.905844 1649.012069 31034.482759 
2000.000000 0.000000 2798.364669 1690.391379 31034.482759 
2000.000000 0.000000 2768.928584 1731.770690 31034.482759 
2000.000000 0.000000 2742.222493 1773.150000 31034.482759 
2000.000000 0.000000 2715.516403 1814.529310 31034.482759 
2000.000000 0.000000 2688.810312 1855.908621 31034.482759 
2000.000000 0.000000 2662.104222 1897.287931 31034.482759 
2000.000000 0.000000 2635.398131 1938.667241 31034.482759 
2000.000000 0.000000 3348.061802 573.150000 32586.206897 
2000.000000 0.000000 3344.979849 614.529310 32586.206897 
2000.000000 0.000000 3341.899998 655.908621 32586.206897 
2000.000000 0.000000 3338.163429 697.287931 32586.206897 
2000.000000 0.000000 3334.457336 738.667241 32586.206897 
2000.000000 0.000000 3330.311936 780.046552 32586.206897 
2000.000000 0.000000 3325.487246 821.425862 32586.206897 
2000.000000 0.000000 3346.887618 862.805172 32586.206897 
2000.000000 0.000000 3407.352399 904.184483 32586.206897 
2000.000000 0.000000 3432.853808 945.563793 32586.206897 
2000.000000 0.000000 3475.059340 986.943103 32586.206897 
2000.000000 0.000000 3471.447598 1028.322414 32586.206897 
2000.000000 0.000000 3467.785993 1069.701724 32586.206897 
2000.000000 0.000000 3464.039837 1111.081034 32586.206897 
2000.000000 0.000000 3460.197180 1152.460345 32586.206897 
2000.000000 0.000000 3289.330792 1193.839655 32586.206897 
2000.000000 0.000000 3151.448507 1235.218966 32586.206897 
2000.000000 0.000000 3122.200767 1276.598276 32586.206897 
2000.000000 0.000000 3090.402700 1317.977586 32586.206897 
2000.000000 0.000000 3056.493975 1359.356897 32586.206897 
2000.000000 0.000000 3021.054038 1400.736207 32586.206897 
2000.000000 0.000000 2996.582558 1442.115517 32586.206897 
2000.000000 0.000000 2971.133513 1483.494828 32586.206897 
2000.000000 0.000000 2943.880074 1524.874138 32586.206897 
2000.000000 0.000000 2914.385123 1566.253448 32586.206897 
2000.000000 0.000000 2882.917006 1607.632759 32586.206897 
2000.000000 0.000000 2850.521011 1649.012069 32586.206897 
2000.000000 0.000000 2818.533695 1690.391379 32586.206897 
2000.000000 0.000000 2788.093961 1731.770690 32586.206897 
2000.000000 0.000000 2760.130468 1773.150000 32586.206897 
2000.000000 0.000000 2732.166974 1814.529310 32586.206897 
2000.000000 0.000000 2704.203480 1855.908621 32586.206897 
2000.000000 0.000000 2676.239986 1897.287931 32586.206897 
2000.000000 0.000000 2648.276493 1938.667241 32586.206897 
2000.000000 0.000000 3354.931007 573.150000 34137.931034 
2000.000000 0.000000 3351.993142 614.529310 34137.931034 
2000.000000 0.000000 3348.468990 655.908621 34137.931034 
2000.000000 0.000000 3344.848553 697.287931 34137.931034 
2000.000000 0.000000 3341.147293 738.667241 34137.931034 
2000.000000 0.000000 3337.001486 780.046552 34137.931034 
2000.000000 0.000000 3332.307386 821.425862 34137.931034 
2000.000000 0.000000 3355.459186 862.805172 34137.931034 
2000.000000 0.000000 3417.815712 904.184483 34137.931034 
2000.000000 0.000000 3433.097199 945.563793 34137.931034 
2000.000000 0.000000 3461.544276 986.943103 34137.931034 
2000.000000 0.000000 3476.609236 1028.322414 34137.931034 
2000.000000 0.000000 3473.032382 1069.701724 34137.931034 
2000.000000 0.000000 3469.335342 1111.081034 34137.931034 
2000.000000 0.000000 3465.506669 1152.460345 34137.931034 
2000.000000 0.000000 3461.578112 1193.839655 34137.931034 
2000.000000 0.000000 3277.688757 1235.218966 34137.931034 
2000.000000 0.000000 3143.868112 1276.598276 34137.931034 
2000.000000 0.000000 3114.363822 1317.977586 34137.931034 
2000.000000 0.000000 3082.390859 1359.356897 34137.931034 
2000.000000 0.000000 3048.340824 1400.736207 34137.931034 
2000.000000 0.000000 3015.141136 1442.115517 34137.931034 
2000.000000 0.000000 2989.735038 1483.494828 34137.931034 
2000.000000 0.000000 2962.798372 1524.874138 34137.931034 
2000.000000 0.000000 2933.865336 1566.253448 34137.931034 
2000.000000 0.000000 2902.961572 1607.632759 34137.931034 
2000.000000 0.000000 2870.812000 1649.012069 34137.931034 
2000.000000 0.000000 2838.593072 1690.391379 34137.931034 
2000.000000 0.000000 2807.422911 1731.770690 34137.931034 
2000.000000 0.000000 2778.279498 1773.150000 34137.931034 
2000.000000 0.000000 2749.136085 1814.529310 34137.931034 
2000.000000 0.000000 2719.992672 1855.908621 34137.931034 
2000.000000 0.000000 2690.849259 1897.287931 34137.931034 
2000.000000 0.000000 2661.705846 1938.667241 34137.931034 
2000.000000 0.000000 3361.633306 573.150000 35689.655172 
2000.000000 0.000000 3358.576824 614.529310 35689.655172 
2000.000000 0.000000 3355.362721 655.908621 35689.655172 
2000.000000 0.000000 3351.388399 697.287931 35689.655172 
2000.000000 0.000000 3347.575764 738.667241 35689.655172 
2000.000000 0.000000 3343.420760 780.046552 35689.655172 
2000.000000 0.000000 3338.801432 821.425862 35689.655172 
2000.000000 0.000000 3364.080317 862.805172 35689.655172 
2000.000000 0.000000 3423.511625 904.184483 35689.655172 
2000.000000 0.000000 3433.780781 945.563793 35689.655172 
2000.000000 0.000000 3450.256981 986.943103 35689.655172 
2000.000000 0.000000 3481.691523 1028.322414 35689.655172 
2000.000000 0.000000 3478.194592 1069.701724 35689.655172 
2000.000000 0.000000 3474.537793 1111.081034 35689.655172 
2000.000000 0.000000 3470.716113 1152.460345 35689.655172 
2000.000000 0.000000 3466.781737 1193.839655 35689.655172 
2000.000000 0.000000 3360.020394 1235.218966 35689.655172 
2000.000000 0.000000 3259.745167 1276.598276 35689.655172 
2000.000000 0.000000 3135.943315 1317.977586 35689.655172 
2000.000000 0.000000 3106.122061 1359.356897 35689.655172 
2000.000000 0.000000 3073.874515 1400.736207 35689.655172 
2000.000000 0.000000 3039.493254 1442.115517 35689.655172 
2000.000000 0.000000 3008.349941 1483.494828 35689.655172 
2000.000000 0.000000 2981.657014 1524.874138 35689.655172 
2000.000000 0.000000 2953.133435 1566.253448 35689.655172 
2000.000000 0.000000 2922.695513 1607.632759 35689.655172 
2000.000000 0.000000 2890.825403 1649.012069 35689.655172 
2000.000000 0.000000 2858.509654 1690.391379 35689.655172 
2000.000000 0.000000 2826.819530 1731.770690 35689.655172 
2000.000000 0.000000 2796.693358 1773.150000 35689.655172 
2000.000000 0.000000 2766.567186 1814.529310 35689.655172 
2000.000000 0.000000 2736.441014 1855.908621 35689.655172 
2000.000000 0.000000 2706.314842 1897.287931 35689.655172 
2000.000000 0.000000 2676.188670 1938.667241 35689.655172 
2000.000000 0.000000 3368.078733 573.150000 37241.379310 
2000.000000 0.000000 3365.024068 614.529310 37241.379310 
2000.000000 0.000000 3361.701822 655.908621 37241.379310 
2000.000000 0.000000 3357.904406 697.287931 37241.379310 
2000.000000 0.000000 3353.761498 738.667241 37241.379310 
2000.000000 0.000000 3349.611354 780.046552 37241.379310 
2000.000000 0.000000 3345.037723 821.425862 37241.379310 
2000.000000 0.000000 3372.947384 862.805172 37241.379310 
2000.000000 0.000000 3425.639299 904.184483 37241.379310 
2000.000000 0.000000 3434.849035 945.563793 37241.379310 
2000.000000 0.000000 3449.854931 986.943103 37241.379310 
2000.000000 0.000000 3486.708500 1028.322414 37241.379310 
2000.000000 0.000000 3483.283833 1069.701724 37241.379310 
2000.000000 0.000000 3479.653649 1111.081034 37241.379310 
2000.000000 0.000000 3475.829712 1152.460345 37241.379310 
2000.000000 0.000000 3471.885884 1193.839655 37241.379310 
2000.000000 0.000000 3467.869464 1235.218966 37241.379310 
2000.000000 0.000000 3360.077248 1276.598276 37241.379310 
2000.000000 0.000000 3241.022447 1317.977586 37241.379310 
2000.000000 0.000000 3127.646469 1359.356897 37241.379310 
2000.000000 0.000000 3097.438387 1400.736207 37241.379310 
2000.000000 0.000000 3064.777523 1442.115517 37241.379310 
2000.000000 0.000000 3029.834666 1483.494828 37241.379310 
2000.000000 0.000000 3000.456276 1524.874138 37241.379310 
2000.000000 0.000000 2972.302321 1566.253448 37241.379310 
2000.000000 0.000000 2942.254354 1607.632759 37241.379310 
2000.000000 0.000000 2910.649666 1649.012069 37241.379310 
2000.000000 0.000000 2878.307301 1690.391379 37241.379310 
2000.000000 0.000000 2846.234943 1731.770690 37241.379310 
2000.000000 0.000000 2815.328509 1773.150000 37241.379310 
2000.000000 0.000000 2784.422075 1814.529310 37241.379310 
2000.000000 0.000000 2753.515641 1855.908621 37241.379310 
2000.000000 0.000000 2722.609207 1897.287931 37241.379310 
2000.000000 0.000000 2691.702772 1938.667241 37241.379310 
2000.000000 0.000000 3374.145621 573.150000 38793.103448 
2000.000000 0.000000 3371.145074 614.529310 38793.103448 
2000.000000 0.000000 3369.484764 655.908621 38793.103448 
2000.000000 0.000000 3364.058809 697.287931 38793.103448 
2000.000000 0.000000 3359.942896 738.667241 38793.103448 
2000.000000 0.000000 3355.609722 780.046552 38793.103448 
2000.000000 0.000000 3351.989641 821.425862 38793.103448 
2000.000000 0.000000 3383.321314 862.805172 38793.103448 
2000.000000 0.000000 3427.979767 904.184483 38793.103448 
2000.000000 0.000000 3436.251215 945.563793 38793.103448 
2000.000000 0.000000 3449.938248 986.943103 38793.103448 
2000.000000 0.000000 3470.731681 1028.322414 38793.103448 
2000.000000 0.000000 3488.309151 1069.701724 38793.103448 
2000.000000 0.000000 3484.687269 1111.081034 38793.103448 
2000.000000 0.000000 3480.850860 1152.460345 38793.103448 
2000.000000 0.000000 3476.894159 1193.839655 38793.103448 
2000.000000 0.000000 3472.868628 1235.218966 38793.103448 
2000.000000 0.000000 3392.006588 1276.598276 38793.103448 
2000.000000 0.000000 3358.951944 1317.977586 38793.103448 
2000.000000 0.000000 3240.326244 1359.356897 38793.103448 
2000.000000 0.000000 3118.949076 1400.736207 38793.103448 
2000.000000 0.000000 3088.251047 1442.115517 38793.103448 
2000.000000 0.000000 3054.996263 1483.494828 38793.103448 
2000.000000 0.000000 3019.237288 1524.874138 38793.103448 
2000.000000 0.000000 2991.370220 1566.253448 38793.103448 
2000.000000 0.000000 2961.722306 1607.632759 38793.103448 
2000.000000 0.000000 2930.380240 1649.012069 38793.103448 
2000.000000 0.000000 2898.047305 1690.391379 38793.103448 
2000.000000 0.000000 2865.673704 1731.770690 38793.103448 
2000.000000 0.000000 2834.137198 1773.150000 38793.103448 
2000.000000 0.000000 2802.600691 1814.529310 38793.103448 
2000.000000 0.000000 2771.064184 1855.908621 38793.103448 
2000.000000 0.000000 2739.527678 1897.287931 38793.103448 
2000.000000 0.000000 2707.991171 1938.667241 38793.103448 
2000.000000 0.000000 3380.117329 573.150000 40344.827586 
2000.000000 0.000000 3377.895201 614.529310 40344.827586 
2000.000000 0.000000 3374.152261 655.908621 40344.827586 
2000.000000 0.000000 3370.417370 697.287931 40344.827586 
2000.000000 0.000000 3366.692599 738.667241 40344.827586 
2000.000000 0.000000 3362.976083 780.046552 40344.827586 
2000.000000 0.000000 3360.419562 821.425862 40344.827586 
2000.000000 0.000000 3387.467637 862.805172 40344.827586 
2000.000000 0.000000 3430.499642 904.184483 40344.827586 
2000.000000 0.000000 3437.941709 945.563793 40344.827586 
2000.000000 0.000000 3450.447365 986.943103 40344.827586 
2000.000000 0.000000 3469.567574 1028.322414 40344.827586 
2000.000000 0.000000 3493.276261 1069.701724 40344.827586 
2000.000000 0.000000 3489.640615 1111.081034 40344.827586 
2000.000000 0.000000 3485.782217 1152.460345 40344.827586 
2000.000000 0.000000 3481.810095 1193.839655 40344.827586 
2000.000000 0.000000 3477.775426 1235.218966 40344.827586 
2000.000000 0.000000 3473.699239 1276.598276 40344.827586 
2000.000000 0.000000 3393.416074 1317.977586 40344.827586 
2000.000000 0.000000 3356.398590 1359.356897 40344.827586 
2000.000000 0.000000 3238.733555 1400.736207 40344.827586 
2000.000000 0.000000 3109.801227 1442.115517 40344.827586 
2000.000000 0.000000 3078.471894 1483.494828 40344.827586 
2000.000000 0.000000 3044.409242 1524.874138 40344.827586 
2000.000000 0.000000 3010.213470 1566.253448 40344.827586 
2000.000000 0.000000 2981.086763 1607.632759 40344.827586 
2000.000000 0.000000 2950.073015 1649.012069 40344.827586 
2000.000000 0.000000 2917.798445 1690.391379 40344.827586 
2000.000000 0.000000 2885.178517 1731.770690 40344.827586 
2000.000000 0.000000 2853.105487 1773.150000 40344.827586 
2000.000000 0.000000 2821.032456 1814.529310 40344.827586 
2000.000000 0.000000 2788.959426 1855.908621 40344.827586 
2000.000000 0.000000 2756.886395 1897.287931 40344.827586 
2000.000000 0.000000 2724.813365 1938.667241 40344.827586 
2000.000000 0.000000 3386.162519 573.150000 41896.551724 
2000.000000 0.000000 3382.446209 614.529310 41896.551724 
2000.000000 0.000000 3378.726441 655.908621 41896.551724 
2000.000000 0.000000 3375.010525 697.287931 41896.551724 
2000.000000 0.000000 3371.300866 738.667241 41896.551724 
2000.000000 0.000000 3367.596261 780.046552 41896.551724 
2000.000000 0.000000 3365.381335 821.425862 41896.551724 
2000.000000 0.000000 3362.878762 862.805172 41896.551724 
2000.000000 0.000000 3433.170640 904.184483 41896.551724 
2000.000000 0.000000 3439.880174 945.563793 41896.551724 
2000.000000 0.000000 3451.329289 986.943103 41896.551724 
2000.000000 0.000000 3468.958857 1028.322414 41896.551724 
2000.000000 0.000000 3498.186122 1069.701724 41896.551724 
2000.000000 0.000000 3494.513498 1111.081034 41896.551724 
2000.000000 0.000000 3490.625988 1152.460345 41896.551724 
2000.000000 0.000000 3486.637206 1193.839655 41896.551724 
2000.000000 0.000000 3482.593978 1235.218966 41896.551724 
2000.000000 0.000000 3478.514862 1276.598276 41896.551724 
2000.000000 0.000000 3474.407796 1317.977586 41896.551724 
2000.000000 0.000000 3394.121037 1359.356897 41896.551724 
2000.000000 0.000000 3351.981993 1400.736207 41896.551724 
2000.000000 0.000000 3235.746467 1442.115517 41896.551724 
2000.000000 0.000000 3100.129945 1483.494828 41896.551724 
2000.000000 0.000000 3067.991789 1524.874138 41896.551724 
2000.000000 0.000000 3032.895948 1566.253448 41896.551724 
2000.000000 0.000000 3000.225372 1607.632759 41896.551724 
2000.000000 0.000000 2969.700702 1649.012069 41896.551724 
2000.000000 0.000000 2937.595990 1690.391379 41896.551724 
2000.000000 0.000000 2904.802031 1731.770690 41896.551724 
2000.000000 0.000000 2872.256293 1773.150000 41896.551724 
2000.000000 0.000000 2839.710555 1814.529310 41896.551724 
2000.000000 0.000000 2807.164817 1855.908621 41896.551724 
2000.000000 0.000000 2774.619079 1897.287931 41896.551724 
2000.000000 0.000000 2742.073341 1938.667241 41896.551724 
2000.000000 0.000000 3390.602094 573.150000 43448.275862 
2000.000000 0.000000 3386.914024 614.529310 43448.275862 
2000.000000 0.000000 3383.218650 655.908621 43448.275862 
2000.000000 0.000000 3379.523200 697.287931 43448.275862 
2000.000000 0.000000 3375.830393 738.667241 43448.275862 
2000.000000 0.000000 3372.141045 780.046552 43448.275862 
2000.000000 0.000000 3370.319568 821.425862 43448.275862 
2000.000000 0.000000 3367.988768 862.805172 43448.275862 
2000.000000 0.000000 3435.968987 904.184483 43448.275862 
2000.000000 0.000000 3442.031435 945.563793 43448.275862 
2000.000000 0.000000 3452.536826 986.943103 43448.275862 
2000.000000 0.000000 3468.834146 1028.322414 43448.275862 
2000.000000 0.000000 3492.004484 1069.701724 43448.275862 
2000.000000 0.000000 3499.304474 1111.081034 43448.275862 
2000.000000 0.000000 3495.384296 1152.460345 43448.275862 
2000.000000 0.000000 3491.379087 1193.839655 43448.275862 
2000.000000 0.000000 3487.328473 1235.218966 43448.275862 
2000.000000 0.000000 3483.247799 1276.598276 43448.275862 
2000.000000 0.000000 3479.143457 1317.977586 43448.275862 
2000.000000 0.000000 3413.579953 1359.356897 43448.275862 
2000.000000 0.000000 3394.074670 1400.736207 43448.275862 
2000.000000 0.000000 3346.923164 1442.115517 43448.275862 
2000.000000 0.000000 3230.678328 1483.494828 43448.275862 
2000.000000 0.000000 3089.839773 1524.874138 43448.275862 
2000.000000 0.000000 3056.693207 1566.253448 43448.275862 
2000.000000 0.000000 3020.366226 1607.632759 43448.275862 
2000.000000 0.000000 2989.135761 1649.012069 43448.275862 
2000.000000 0.000000 2957.400853 1690.391379 43448.275862 
2000.000000 0.000000 2924.568635 1731.770690 43448.275862 
2000.000000 0.000000 2891.628239 1773.150000 43448.275862 
2000.000000 0.000000 2858.687844 1814.529310 43448.275862 
2000.000000 0.000000 2825.747448 1855.908621 43448.275862 
2000.000000 0.000000 2792.807053 1897.287931 43448.275862 
2000.000000 0.000000 2759.866657 1938.667241 43448.275862 
2000.000000 0.000000 3394.968854 573.150000 45000.000000 
2000.000000 0.000000 3391.309171 614.529310 45000.000000 
2000.000000 0.000000 3387.638653 655.908621 45000.000000 
2000.000000 0.000000 3383.964444 697.287931 45000.000000 
2000.000000 0.000000 3380.289531 738.667241 45000.000000 
2000.000000 0.000000 3376.986764 780.046552 45000.000000 
2000.000000 0.000000 3375.243573 821.425862 45000.000000 
2000.000000 0.000000 3373.065080 862.805172 45000.000000 
2000.000000 0.000000 3438.874762 904.184483 45000.000000 
2000.000000 0.000000 3444.365117 945.563793 45000.000000 
2000.000000 0.000000 3454.028101 986.943103 45000.000000 
2000.000000 0.000000 3469.132831 1028.322414 45000.000000 
2000.000000 0.000000 3490.783826 1069.701724 45000.000000 
2000.000000 0.000000 3504.012166 1111.081034 45000.000000 
2000.000000 0.000000 3500.059564 1152.460345 45000.000000 
2000.000000 0.000000 3495.998344 1193.839655 45000.000000 
2000.000000 0.000000 3491.933543 1235.218966 45000.000000 
2000.000000 0.000000 3487.869788 1276.598276 45000.000000 
2000.000000 0.000000 3483.802200 1317.977586 45000.000000 
2000.000000 0.000000 3479.684223 1359.356897 45000.000000 
2000.000000 0.000000 3414.501357 1400.736207 45000.000000 
2000.000000 0.000000 3393.178155 1442.115517 45000.000000 
2000.000000 0.000000 3345.234470 1483.494828 45000.000000 
2000.000000 0.000000 3222.598628 1524.874138 45000.000000 
2000.000000 0.000000 3078.822167 1566.253448 45000.000000 
2000.000000 0.000000 3044.473123 1607.632759 45000.000000 
2000.000000 0.000000 3008.175203 1649.012069 45000.000000 
2000.000000 0.000000 2977.079571 1690.391379 45000.000000 
2000.000000 0.000000 2944.434646 1731.770690 45000.000000 
2000.000000 0.000000 2911.239792 1773.150000 45000.000000 
2000.000000 0.000000 2878.044938 1814.529310 45000.000000 
2000.000000 0.000000 2844.850084 1855.908621 45000.000000 
2000.000000 0.000000 2811.655230 1897.287931 45000.000000 
2000.000000 0.000000 2778.460377 1938.667241 45000.000000 
