5
















































573.150000
41.379310
34
0.000000
1551.724138
30
2000.000000 0.000000 2993.766895 573.150000 0.000000 
2000.000000 0.000000 2990.659465 614.529310 0.000000 
2000.000000 0.000000 2962.191961 655.908621 0.000000 
2000.000000 0.000000 2933.851044 697.287931 0.000000 
2000.000000 0.000000 2957.032909 738.667241 0.000000 
2000.000000 0.000000 2949.191912 780.046552 0.000000 
2000.000000 0.000000 2942.862754 821.425862 0.000000 
2000.000000 0.000000 2937.792424 862.805172 0.000000 
2000.000000 0.000000 2932.887038 904.184483 0.000000 
2000.000000 0.000000 2931.267719 945.563793 0.000000 
2000.000000 0.000000 2955.845468 986.943103 0.000000 
2000.000000 0.000000 2984.163961 1028.322414 0.000000 
2000.000000 0.000000 2986.623554 1069.701724 0.000000 
2000.000000 0.000000 2979.279373 1111.081034 0.000000 
2000.000000 0.000000 2975.739121 1152.460345 0.000000 
2000.000000 0.000000 2953.778799 1193.839655 0.000000 
2000.000000 0.000000 2893.370164 1235.218966 0.000000 
2000.000000 0.000000 2847.892863 1276.598276 0.000000 
2000.000000 0.000000 2798.495794 1317.977586 0.000000 
2000.000000 0.000000 2764.108854 1359.356897 0.000000 
2000.000000 0.000000 2730.833126 1400.736207 0.000000 
2000.000000 0.000000 2686.768777 1442.115517 0.000000 
2000.000000 0.000000 2636.629273 1483.494828 0.000000 
2000.000000 0.000000 2605.461368 1524.874138 0.000000 
2000.000000 0.000000 2591.948948 1566.253448 0.000000 
2000.000000 0.000000 2574.456336 1607.632759 0.000000 
2000.000000 0.000000 2562.127341 1649.012069 0.000000 
2000.000000 0.000000 2549.446341 1690.391379 0.000000 
2000.000000 0.000000 2536.416183 1731.770690 0.000000 
2000.000000 0.000000 2523.038992 1773.150000 0.000000 
2000.000000 0.000000 2509.661802 1814.529310 0.000000 
2000.000000 0.000000 2496.284611 1855.908621 0.000000 
2000.000000 0.000000 2482.907421 1897.287931 0.000000 
2000.000000 0.000000 2469.530230 1938.667241 0.000000 
2000.000000 0.000000 3001.229799 573.150000 1551.724138 
2000.000000 0.000000 2998.326235 614.529310 1551.724138 
2000.000000 0.000000 2995.459100 655.908621 1551.724138 
2000.000000 0.000000 2957.880627 697.287931 1551.724138 
2000.000000 0.000000 2984.808227 738.667241 1551.724138 
2000.000000 0.000000 2984.300552 780.046552 1551.724138 
2000.000000 0.000000 2956.213852 821.425862 1551.724138 
2000.000000 0.000000 2948.453063 862.805172 1551.724138 
2000.000000 0.000000 2942.414977 904.184483 1551.724138 
2000.000000 0.000000 2937.737246 945.563793 1551.724138 
2000.000000 0.000000 2936.230983 986.943103 1551.724138 
2000.000000 0.000000 2935.847004 1028.322414 1551.724138 
2000.000000 0.000000 2956.098529 1069.701724 1551.724138 
2000.000000 0.000000 2944.970437 1111.081034 1551.724138 
2000.000000 0.000000 2886.893815 1152.460345 1551.724138 
2000.000000 0.000000 2839.074733 1193.839655 1551.724138 
2000.000000 0.000000 2793.963379 1235.218966 1551.724138 
2000.000000 0.000000 2734.453910 1276.598276 1551.724138 
2000.000000 0.000000 2686.404139 1317.977586 1551.724138 
2000.000000 0.000000 2632.031029 1359.356897 1551.724138 
2000.000000 0.000000 2600.413500 1400.736207 1551.724138 
2000.000000 0.000000 2577.016151 1442.115517 1551.724138 
2000.000000 0.000000 2550.688657 1483.494828 1551.724138 
2000.000000 0.000000 2532.959248 1524.874138 1551.724138 
2000.000000 0.000000 2518.281887 1566.253448 1551.724138 
2000.000000 0.000000 2506.946657 1607.632759 1551.724138 
2000.000000 0.000000 2495.542756 1649.012069 1551.724138 
2000.000000 0.000000 2484.074563 1690.391379 1551.724138 
2000.000000 0.000000 2472.545801 1731.770690 1551.724138 
2000.000000 0.000000 2460.959648 1773.150000 1551.724138 
2000.000000 0.000000 2449.373495 1814.529310 1551.724138 
2000.000000 0.000000 2437.787342 1855.908621 1551.724138 
2000.000000 0.000000 2426.201188 1897.287931 1551.724138 
2000.000000 0.000000 2414.615035 1938.667241 1551.724138 
2000.000000 0.000000 3008.965648 573.150000 3103.448276 
2000.000000 0.000000 3006.387105 614.529310 3103.448276 
2000.000000 0.000000 3003.702328 655.908621 3103.448276 
2000.000000 0.000000 3001.508718 697.287931 3103.448276 
2000.000000 0.000000 3012.413018 738.667241 3103.448276 
2000.000000 0.000000 3004.771377 780.046552 3103.448276 
2000.000000 0.000000 2995.267514 821.425862 3103.448276 
2000.000000 0.000000 2984.814347 862.805172 3103.448276 
2000.000000 0.000000 2969.839216 904.184483 3103.448276 
2000.000000 0.000000 2956.942835 945.563793 3103.448276 
2000.000000 0.000000 2952.849653 986.943103 3103.448276 
2000.000000 0.000000 2948.932467 1028.322414 3103.448276 
2000.000000 0.000000 2877.223186 1069.701724 3103.448276 
2000.000000 0.000000 2838.538137 1111.081034 3103.448276 
2000.000000 0.000000 2805.101719 1152.460345 3103.448276 
2000.000000 0.000000 2767.046325 1193.839655 3103.448276 
2000.000000 0.000000 2724.471396 1235.218966 3103.448276 
2000.000000 0.000000 2699.720723 1276.598276 3103.448276 
2000.000000 0.000000 2673.974064 1317.977586 3103.448276 
2000.000000 0.000000 2646.806222 1359.356897 3103.448276 
2000.000000 0.000000 2628.305294 1400.736207 3103.448276 
2000.000000 0.000000 2606.361912 1442.115517 3103.448276 
2000.000000 0.000000 2581.903668 1483.494828 3103.448276 
2000.000000 0.000000 2556.346039 1524.874138 3103.448276 
2000.000000 0.000000 2541.737613 1566.253448 3103.448276 
2000.000000 0.000000 2529.922668 1607.632759 3103.448276 
2000.000000 0.000000 2518.599353 1649.012069 3103.448276 
2000.000000 0.000000 2507.214382 1690.391379 3103.448276 
2000.000000 0.000000 2495.771012 1731.770690 3103.448276 
2000.000000 0.000000 2484.272013 1773.150000 3103.448276 
2000.000000 0.000000 2472.773014 1814.529310 3103.448276 
2000.000000 0.000000 2461.274014 1855.908621 3103.448276 
2000.000000 0.000000 2449.775015 1897.287931 3103.448276 
2000.000000 0.000000 2438.276016 1938.667241 3103.448276 
2000.000000 0.000000 3003.994431 573.150000 4655.172414 
2000.000000 0.000000 3015.033151 614.529310 4655.172414 
2000.000000 0.000000 3012.687596 655.908621 4655.172414 
2000.000000 0.000000 3010.464638 697.287931 4655.172414 
2000.000000 0.000000 3068.289970 738.667241 4655.172414 
2000.000000 0.000000 3030.167440 780.046552 4655.172414 
2000.000000 0.000000 3012.956629 821.425862 4655.172414 
2000.000000 0.000000 3000.931591 862.805172 4655.172414 
2000.000000 0.000000 2991.363978 904.184483 4655.172414 
2000.000000 0.000000 2981.635695 945.563793 4655.172414 
2000.000000 0.000000 2977.145797 986.943103 4655.172414 
2000.000000 0.000000 2876.746887 1028.322414 4655.172414 
2000.000000 0.000000 2839.227129 1069.701724 4655.172414 
2000.000000 0.000000 2808.255770 1111.081034 4655.172414 
2000.000000 0.000000 2788.680248 1152.460345 4655.172414 
2000.000000 0.000000 2771.219031 1193.839655 4655.172414 
2000.000000 0.000000 2750.318470 1235.218966 4655.172414 
2000.000000 0.000000 2727.818502 1276.598276 4655.172414 
2000.000000 0.000000 2704.360041 1317.977586 4655.172414 
2000.000000 0.000000 2679.418912 1359.356897 4655.172414 
2000.000000 0.000000 2655.517585 1400.736207 4655.172414 
2000.000000 0.000000 2633.164937 1442.115517 4655.172414 
2000.000000 0.000000 2610.271423 1483.494828 4655.172414 
2000.000000 0.000000 2584.634398 1524.874138 4655.172414 
2000.000000 0.000000 2565.940196 1566.253448 4655.172414 
2000.000000 0.000000 2551.269861 1607.632759 4655.172414 
2000.000000 0.000000 2540.013497 1649.012069 4655.172414 
2000.000000 0.000000 2528.697768 1690.391379 4655.172414 
2000.000000 0.000000 2517.325485 1731.770690 4655.172414 
2000.000000 0.000000 2505.899112 1773.150000 4655.172414 
2000.000000 0.000000 2494.472740 1814.529310 4655.172414 
2000.000000 0.000000 2483.046368 1855.908621 4655.172414 
2000.000000 0.000000 2471.619996 1897.287931 4655.172414 
2000.000000 0.000000 2460.193624 1938.667241 4655.172414 
2000.000000 0.000000 3012.865495 573.150000 6206.896552 
2000.000000 0.000000 3010.319197 614.529310 6206.896552 
2000.000000 0.000000 3022.856231 655.908621 6206.896552 
2000.000000 0.000000 3020.916902 697.287931 6206.896552 
2000.000000 0.000000 3076.444020 738.667241 6206.896552 
2000.000000 0.000000 3078.297603 780.046552 6206.896552 
2000.000000 0.000000 3054.303322 821.425862 6206.896552 
2000.000000 0.000000 3039.864999 862.805172 6206.896552 
2000.000000 0.000000 3027.035184 904.184483 6206.896552 
2000.000000 0.000000 3016.090539 945.563793 6206.896552 
2000.000000 0.000000 2960.151403 986.943103 6206.896552 
2000.000000 0.000000 2845.791948 1028.322414 6206.896552 
2000.000000 0.000000 2835.967751 1069.701724 6206.896552 
2000.000000 0.000000 2821.755778 1111.081034 6206.896552 
2000.000000 0.000000 2809.237796 1152.460345 6206.896552 
2000.000000 0.000000 2793.395311 1193.839655 6206.896552 
2000.000000 0.000000 2774.099719 1235.218966 6206.896552 
2000.000000 0.000000 2752.901759 1276.598276 6206.896552 
2000.000000 0.000000 2730.895290 1317.977586 6206.896552 
2000.000000 0.000000 2708.548421 1359.356897 6206.896552 
2000.000000 0.000000 2680.760408 1400.736207 6206.896552 
2000.000000 0.000000 2660.088355 1442.115517 6206.896552 
2000.000000 0.000000 2636.312348 1483.494828 6206.896552 
2000.000000 0.000000 2612.322181 1524.874138 6206.896552 
2000.000000 0.000000 2586.550948 1566.253448 6206.896552 
2000.000000 0.000000 2571.254047 1607.632759 6206.896552 
2000.000000 0.000000 2560.054387 1649.012069 6206.896552 
2000.000000 0.000000 2548.797324 1690.391379 6206.896552 
2000.000000 0.000000 2537.485313 1731.770690 6206.896552 
2000.000000 0.000000 2526.120521 1773.150000 6206.896552 
2000.000000 0.000000 2514.755728 1814.529310 6206.896552 
2000.000000 0.000000 2503.390936 1855.908621 6206.896552 
2000.000000 0.000000 2492.026143 1897.287931 6206.896552 
2000.000000 0.000000 2480.661351 1938.667241 6206.896552 
2000.000000 0.000000 3155.479981 573.150000 7758.620690 
2000.000000 0.000000 3150.028001 614.529310 7758.620690 
2000.000000 0.000000 3035.837435 655.908621 7758.620690 
2000.000000 0.000000 3034.094306 697.287931 7758.620690 
2000.000000 0.000000 3063.407865 738.667241 7758.620690 
2000.000000 0.000000 3102.799685 780.046552 7758.620690 
2000.000000 0.000000 3098.397360 821.425862 7758.620690 
2000.000000 0.000000 3073.443881 862.805172 7758.620690 
2000.000000 0.000000 3059.667073 904.184483 7758.620690 
2000.000000 0.000000 3047.145905 945.563793 7758.620690 
2000.000000 0.000000 2908.899215 986.943103 7758.620690 
2000.000000 0.000000 2872.825323 1028.322414 7758.620690 
2000.000000 0.000000 2854.652139 1069.701724 7758.620690 
2000.000000 0.000000 2842.455222 1111.081034 7758.620690 
2000.000000 0.000000 2829.051036 1152.460345 7758.620690 
2000.000000 0.000000 2814.517172 1193.839655 7758.620690 
2000.000000 0.000000 2796.711201 1235.218966 7758.620690 
2000.000000 0.000000 2776.747074 1276.598276 7758.620690 
2000.000000 0.000000 2756.085859 1317.977586 7758.620690 
2000.000000 0.000000 2734.672413 1359.356897 7758.620690 
2000.000000 0.000000 2707.441254 1400.736207 7758.620690 
2000.000000 0.000000 2683.504302 1442.115517 7758.620690 
2000.000000 0.000000 2662.952175 1483.494828 7758.620690 
2000.000000 0.000000 2637.916926 1524.874138 7758.620690 
2000.000000 0.000000 2612.585393 1566.253448 7758.620690 
2000.000000 0.000000 2592.115056 1607.632759 7758.620690 
2000.000000 0.000000 2578.925282 1649.012069 7758.620690 
2000.000000 0.000000 2567.718701 1690.391379 7758.620690 
2000.000000 0.000000 2556.458556 1731.770690 7758.620690 
2000.000000 0.000000 2545.146746 1773.150000 7758.620690 
2000.000000 0.000000 2533.834936 1814.529310 7758.620690 
2000.000000 0.000000 2522.523126 1855.908621 7758.620690 
2000.000000 0.000000 2511.211316 1897.287931 7758.620690 
2000.000000 0.000000 2499.899506 1938.667241 7758.620690 
2000.000000 0.000000 3176.514463 573.150000 9310.344828 
2000.000000 0.000000 3155.176156 614.529310 9310.344828 
2000.000000 0.000000 3153.087988 655.908621 9310.344828 
2000.000000 0.000000 3182.560314 697.287931 9310.344828 
2000.000000 0.000000 3168.088266 738.667241 9310.344828 
2000.000000 0.000000 3141.766621 780.046552 9310.344828 
2000.000000 0.000000 3127.480478 821.425862 9310.344828 
2000.000000 0.000000 3112.544482 862.805172 9310.344828 
2000.000000 0.000000 3091.170747 904.184483 9310.344828 
2000.000000 0.000000 3035.533202 945.563793 9310.344828 
2000.000000 0.000000 2923.572370 986.943103 9310.344828 
2000.000000 0.000000 2903.084808 1028.322414 9310.344828 
2000.000000 0.000000 2884.065363 1069.701724 9310.344828 
2000.000000 0.000000 2874.772312 1111.081034 9310.344828 
2000.000000 0.000000 2868.212144 1152.460345 9310.344828 
2000.000000 0.000000 2853.353569 1193.839655 9310.344828 
2000.000000 0.000000 2826.736281 1235.218966 9310.344828 
2000.000000 0.000000 2799.632666 1276.598276 9310.344828 
2000.000000 0.000000 2781.095513 1317.977586 9310.344828 
2000.000000 0.000000 2757.731469 1359.356897 9310.344828 
2000.000000 0.000000 2731.982295 1400.736207 9310.344828 
2000.000000 0.000000 2705.582314 1442.115517 9310.344828 
2000.000000 0.000000 2685.872484 1483.494828 9310.344828 
2000.000000 0.000000 2664.218624 1524.874138 9310.344828 
2000.000000 0.000000 2638.282055 1566.253448 9310.344828 
2000.000000 0.000000 2612.198210 1607.632759 9310.344828 
2000.000000 0.000000 2596.784083 1649.012069 9310.344828 
2000.000000 0.000000 2585.621518 1690.391379 9310.344828 
2000.000000 0.000000 2574.406574 1731.770690 9310.344828 
2000.000000 0.000000 2563.140938 1773.150000 9310.344828 
2000.000000 0.000000 2551.875302 1814.529310 9310.344828 
2000.000000 0.000000 2540.609666 1855.908621 9310.344828 
2000.000000 0.000000 2529.344030 1897.287931 9310.344828 
2000.000000 0.000000 2518.078394 1938.667241 9310.344828 
2000.000000 0.000000 3182.034725 573.150000 10862.068966 
2000.000000 0.000000 3178.074125 614.529310 10862.068966 
2000.000000 0.000000 3157.207833 655.908621 10862.068966 
2000.000000 0.000000 3187.689091 697.287931 10862.068966 
2000.000000 0.000000 3184.833220 738.667241 10862.068966 
2000.000000 0.000000 3166.879197 780.046552 10862.068966 
2000.000000 0.000000 3154.246203 821.425862 10862.068966 
2000.000000 0.000000 3145.193519 862.805172 10862.068966 
2000.000000 0.000000 3132.080950 904.184483 10862.068966 
2000.000000 0.000000 3025.011899 945.563793 10862.068966 
2000.000000 0.000000 2949.903499 986.943103 10862.068966 
2000.000000 0.000000 2940.342828 1028.322414 10862.068966 
2000.000000 0.000000 2931.030504 1069.701724 10862.068966 
2000.000000 0.000000 2922.897061 1111.081034 10862.068966 
2000.000000 0.000000 2915.166495 1152.460345 10862.068966 
2000.000000 0.000000 2902.387812 1193.839655 10862.068966 
2000.000000 0.000000 2884.046791 1235.218966 10862.068966 
2000.000000 0.000000 2857.250067 1276.598276 10862.068966 
2000.000000 0.000000 2821.455932 1317.977586 10862.068966 
2000.000000 0.000000 2786.196214 1359.356897 10862.068966 
2000.000000 0.000000 2754.798060 1400.736207 10862.068966 
2000.000000 0.000000 2728.225102 1442.115517 10862.068966 
2000.000000 0.000000 2707.539876 1483.494828 10862.068966 
2000.000000 0.000000 2686.798888 1524.874138 10862.068966 
2000.000000 0.000000 2663.949823 1566.253448 10862.068966 
2000.000000 0.000000 2636.996858 1607.632759 10862.068966 
2000.000000 0.000000 2614.193867 1649.012069 10862.068966 
2000.000000 0.000000 2602.632591 1690.391379 10862.068966 
2000.000000 0.000000 2591.457485 1731.770690 10862.068966 
2000.000000 0.000000 2580.232507 1773.150000 10862.068966 
2000.000000 0.000000 2569.007529 1814.529310 10862.068966 
2000.000000 0.000000 2557.782550 1855.908621 10862.068966 
2000.000000 0.000000 2546.557572 1897.287931 10862.068966 
2000.000000 0.000000 2535.332594 1938.667241 10862.068966 
2000.000000 0.000000 3187.495362 573.150000 12413.793103 
2000.000000 0.000000 3193.348282 614.529310 12413.793103 
2000.000000 0.000000 3179.577976 655.908621 12413.793103 
2000.000000 0.000000 3161.469085 697.287931 12413.793103 
2000.000000 0.000000 3190.429743 738.667241 12413.793103 
2000.000000 0.000000 3179.631917 780.046552 12413.793103 
2000.000000 0.000000 3166.411192 821.425862 12413.793103 
2000.000000 0.000000 3156.438825 862.805172 12413.793103 
2000.000000 0.000000 3148.588064 904.184483 12413.793103 
2000.000000 0.000000 3086.533584 945.563793 12413.793103 
2000.000000 0.000000 2983.748528 986.943103 12413.793103 
2000.000000 0.000000 2973.910230 1028.322414 12413.793103 
2000.000000 0.000000 2966.788141 1069.701724 12413.793103 
2000.000000 0.000000 2960.565731 1111.081034 12413.793103 
2000.000000 0.000000 2950.963073 1152.460345 12413.793103 
2000.000000 0.000000 2938.903160 1193.839655 12413.793103 
2000.000000 0.000000 2922.579932 1235.218966 12413.793103 
2000.000000 0.000000 2899.754745 1276.598276 12413.793103 
2000.000000 0.000000 2868.479437 1317.977586 12413.793103 
2000.000000 0.000000 2830.361970 1359.356897 12413.793103 
2000.000000 0.000000 2794.531095 1400.736207 12413.793103 
2000.000000 0.000000 2766.251058 1442.115517 12413.793103 
2000.000000 0.000000 2728.185885 1483.494828 12413.793103 
2000.000000 0.000000 2708.187786 1524.874138 12413.793103 
2000.000000 0.000000 2686.327898 1566.253448 12413.793103 
2000.000000 0.000000 2662.169391 1607.632759 12413.793103 
2000.000000 0.000000 2634.062966 1649.012069 12413.793103 
2000.000000 0.000000 2618.854668 1690.391379 12413.793103 
2000.000000 0.000000 2607.715015 1731.770690 12413.793103 
2000.000000 0.000000 2596.526182 1773.150000 12413.793103 
2000.000000 0.000000 2585.337349 1814.529310 12413.793103 
2000.000000 0.000000 2574.148516 1855.908621 12413.793103 
2000.000000 0.000000 2562.959683 1897.287931 12413.793103 
2000.000000 0.000000 2551.770850 1938.667241 12413.793103 
2000.000000 0.000000 3202.982135 573.150000 13965.517241 
2000.000000 0.000000 3199.104097 614.529310 13965.517241 
2000.000000 0.000000 3194.969392 655.908621 13965.517241 
2000.000000 0.000000 3181.056527 697.287931 13965.517241 
2000.000000 0.000000 3189.820859 738.667241 13965.517241 
2000.000000 0.000000 3193.345694 780.046552 13965.517241 
2000.000000 0.000000 3187.446069 821.425862 13965.517241 
2000.000000 0.000000 3184.769702 862.805172 13965.517241 
2000.000000 0.000000 3182.274332 904.184483 13965.517241 
2000.000000 0.000000 3151.581924 945.563793 13965.517241 
2000.000000 0.000000 3016.944964 986.943103 13965.517241 
2000.000000 0.000000 3012.930478 1028.322414 13965.517241 
2000.000000 0.000000 3002.955321 1069.701724 13965.517241 
2000.000000 0.000000 2993.994261 1111.081034 13965.517241 
2000.000000 0.000000 2983.992496 1152.460345 13965.517241 
2000.000000 0.000000 2971.913215 1193.839655 13965.517241 
2000.000000 0.000000 2956.373785 1235.218966 13965.517241 
2000.000000 0.000000 2935.751746 1276.598276 13965.517241 
2000.000000 0.000000 2908.265316 1317.977586 13965.517241 
2000.000000 0.000000 2873.057216 1359.356897 13965.517241 
2000.000000 0.000000 2831.865272 1400.736207 13965.517241 
2000.000000 0.000000 2793.357028 1442.115517 13965.517241 
2000.000000 0.000000 2763.598198 1483.494828 13965.517241 
2000.000000 0.000000 2728.603267 1524.874138 13965.517241 
2000.000000 0.000000 2707.557142 1566.253448 13965.517241 
2000.000000 0.000000 2684.472102 1607.632759 13965.517241 
2000.000000 0.000000 2658.868281 1649.012069 13965.517241 
2000.000000 0.000000 2634.372361 1690.391379 13965.517241 
2000.000000 0.000000 2623.264540 1731.770690 13965.517241 
2000.000000 0.000000 2612.108119 1773.150000 13965.517241 
2000.000000 0.000000 2600.951699 1814.529310 13965.517241 
2000.000000 0.000000 2589.795278 1855.908621 13965.517241 
2000.000000 0.000000 2578.638857 1897.287931 13965.517241 
2000.000000 0.000000 2567.482437 1938.667241 13965.517241 
2000.000000 0.000000 3235.608608 573.150000 15517.241379 
2000.000000 0.000000 3218.791331 614.529310 15517.241379 
2000.000000 0.000000 3200.903833 655.908621 15517.241379 
2000.000000 0.000000 3196.782851 697.287931 15517.241379 
2000.000000 0.000000 3182.572154 738.667241 15517.241379 
2000.000000 0.000000 3238.232398 780.046552 15517.241379 
2000.000000 0.000000 3250.522541 821.425862 15517.241379 
2000.000000 0.000000 3255.485237 862.805172 15517.241379 
2000.000000 0.000000 3250.025706 904.184483 15517.241379 
2000.000000 0.000000 3245.689288 945.563793 15517.241379 
2000.000000 0.000000 3058.017833 986.943103 15517.241379 
2000.000000 0.000000 3045.838677 1028.322414 15517.241379 
2000.000000 0.000000 3035.375695 1069.701724 15517.241379 
2000.000000 0.000000 3026.336610 1111.081034 15517.241379 
2000.000000 0.000000 3015.336885 1152.460345 15517.241379 
2000.000000 0.000000 3002.466174 1193.839655 15517.241379 
2000.000000 0.000000 2986.737862 1235.218966 15517.241379 
2000.000000 0.000000 2965.129102 1276.598276 15517.241379 
2000.000000 0.000000 2937.301409 1317.977586 15517.241379 
2000.000000 0.000000 2903.387397 1359.356897 15517.241379 
2000.000000 0.000000 2863.617428 1400.736207 15517.241379 
2000.000000 0.000000 2822.659010 1442.115517 15517.241379 
2000.000000 0.000000 2787.757303 1483.494828 15517.241379 
2000.000000 0.000000 2760.715476 1524.874138 15517.241379 
2000.000000 0.000000 2727.846134 1566.253448 15517.241379 
2000.000000 0.000000 2705.652251 1607.632759 15517.241379 
2000.000000 0.000000 2681.216752 1649.012069 15517.241379 
2000.000000 0.000000 2654.008030 1690.391379 15517.241379 
2000.000000 0.000000 2638.177329 1731.770690 15517.241379 
2000.000000 0.000000 2627.050195 1773.150000 15517.241379 
2000.000000 0.000000 2615.923061 1814.529310 15517.241379 
2000.000000 0.000000 2604.795927 1855.908621 15517.241379 
2000.000000 0.000000 2593.668793 1897.287931 15517.241379 
2000.000000 0.000000 2582.541659 1938.667241 15517.241379 
2000.000000 0.000000 3280.355181 573.150000 17068.965517 
2000.000000 0.000000 3272.842470 614.529310 17068.965517 
2000.000000 0.000000 3265.621876 655.908621 17068.965517 
2000.000000 0.000000 3259.137519 697.287931 17068.965517 
2000.000000 0.000000 3248.077035 738.667241 17068.965517 
2000.000000 0.000000 3277.586498 780.046552 17068.965517 
2000.000000 0.000000 3319.395777 821.425862 17068.965517 
2000.000000 0.000000 3311.398503 862.805172 17068.965517 
2000.000000 0.000000 3308.371975 904.184483 17068.965517 
2000.000000 0.000000 3303.422366 945.563793 17068.965517 
2000.000000 0.000000 3113.737265 986.943103 17068.965517 
2000.000000 0.000000 3079.222474 1028.322414 17068.965517 
2000.000000 0.000000 3068.445076 1069.701724 17068.965517 
2000.000000 0.000000 3058.760724 1111.081034 17068.965517 
2000.000000 0.000000 3045.746532 1152.460345 17068.965517 
2000.000000 0.000000 3026.739515 1193.839655 17068.965517 
2000.000000 0.000000 3006.938639 1235.218966 17068.965517 
2000.000000 0.000000 2985.106219 1276.598276 17068.965517 
2000.000000 0.000000 2959.775663 1317.977586 17068.965517 
2000.000000 0.000000 2929.389735 1359.356897 17068.965517 
2000.000000 0.000000 2893.064340 1400.736207 17068.965517 
2000.000000 0.000000 2852.651444 1442.115517 17068.965517 
2000.000000 0.000000 2814.049667 1483.494828 17068.965517 
2000.000000 0.000000 2782.674701 1524.874138 17068.965517 
2000.000000 0.000000 2757.566639 1566.253448 17068.965517 
2000.000000 0.000000 2725.912632 1607.632759 17068.965517 
2000.000000 0.000000 2702.454277 1649.012069 17068.965517 
2000.000000 0.000000 2676.522320 1690.391379 17068.965517 
2000.000000 0.000000 2652.513620 1731.770690 17068.965517 
2000.000000 0.000000 2641.413132 1773.150000 17068.965517 
2000.000000 0.000000 2630.312645 1814.529310 17068.965517 
2000.000000 0.000000 2619.212157 1855.908621 17068.965517 
2000.000000 0.000000 2608.111669 1897.287931 17068.965517 
2000.000000 0.000000 2597.011182 1938.667241 17068.965517 
2000.000000 0.000000 3289.322212 573.150000 18620.689655 
2000.000000 0.000000 3286.420508 614.529310 18620.689655 
2000.000000 0.000000 3284.118266 655.908621 18620.689655 
2000.000000 0.000000 3283.722003 697.287931 18620.689655 
2000.000000 0.000000 3282.143204 738.667241 18620.689655 
2000.000000 0.000000 3288.851297 780.046552 18620.689655 
2000.000000 0.000000 3344.307635 821.425862 18620.689655 
2000.000000 0.000000 3356.971877 862.805172 18620.689655 
2000.000000 0.000000 3356.148689 904.184483 18620.689655 
2000.000000 0.000000 3357.588796 945.563793 18620.689655 
2000.000000 0.000000 3356.867149 986.943103 18620.689655 
2000.000000 0.000000 3114.607718 1028.322414 18620.689655 
2000.000000 0.000000 3104.028204 1069.701724 18620.689655 
2000.000000 0.000000 3084.320013 1111.081034 18620.689655 
2000.000000 0.000000 3064.089068 1152.460345 18620.689655 
2000.000000 0.000000 3044.560634 1193.839655 18620.689655 
2000.000000 0.000000 3024.850252 1235.218966 18620.689655 
2000.000000 0.000000 3003.854741 1276.598276 18620.689655 
2000.000000 0.000000 2980.266739 1317.977586 18620.689655 
2000.000000 0.000000 2952.633503 1359.356897 18620.689655 
2000.000000 0.000000 2919.690726 1400.736207 18620.689655 
2000.000000 0.000000 2881.577922 1442.115517 18620.689655 
2000.000000 0.000000 2841.771560 1483.494828 18620.689655 
2000.000000 0.000000 2806.250316 1524.874138 18620.689655 
2000.000000 0.000000 2777.926979 1566.253448 18620.689655 
2000.000000 0.000000 2753.987818 1607.632759 18620.689655 
2000.000000 0.000000 2722.781088 1649.012069 18620.689655 
2000.000000 0.000000 2697.923323 1690.391379 18620.689655 
2000.000000 0.000000 2670.325591 1731.770690 18620.689655 
2000.000000 0.000000 2655.248765 1773.150000 18620.689655 
2000.000000 0.000000 2640.171940 1814.529310 18620.689655 
2000.000000 0.000000 2625.095115 1855.908621 18620.689655 
2000.000000 0.000000 2610.018289 1897.287931 18620.689655 
2000.000000 0.000000 2594.941464 1938.667241 18620.689655 
2000.000000 0.000000 3306.883395 573.150000 20172.413793 
2000.000000 0.000000 3293.719249 614.529310 20172.413793 
2000.000000 0.000000 3293.026219 655.908621 20172.413793 
2000.000000 0.000000 3292.114246 697.287931 20172.413793 
2000.000000 0.000000 3298.156888 738.667241 20172.413793 
2000.000000 0.000000 3296.347529 780.046552 20172.413793 
2000.000000 0.000000 3365.749949 821.425862 20172.413793 
2000.000000 0.000000 3387.798908 862.805172 20172.413793 
2000.000000 0.000000 3398.952867 904.184483 20172.413793 
2000.000000 0.000000 3408.876574 945.563793 20172.413793 
2000.000000 0.000000 3416.500523 986.943103 20172.413793 
2000.000000 0.000000 3154.271321 1028.322414 20172.413793 
2000.000000 0.000000 3133.407071 1069.701724 20172.413793 
2000.000000 0.000000 3106.324369 1111.081034 20172.413793 
2000.000000 0.000000 3082.753735 1152.460345 20172.413793 
2000.000000 0.000000 3062.460540 1193.839655 20172.413793 
2000.000000 0.000000 3042.474123 1235.218966 20172.413793 
2000.000000 0.000000 3021.837768 1276.598276 20172.413793 
2000.000000 0.000000 2999.381396 1317.977586 20172.413793 
2000.000000 0.000000 2973.780414 1359.356897 20172.413793 
2000.000000 0.000000 2943.708779 1400.736207 20172.413793 
2000.000000 0.000000 2908.470768 1442.115517 20172.413793 
2000.000000 0.000000 2869.525887 1483.494828 20172.413793 
2000.000000 0.000000 2831.475124 1524.874138 20172.413793 
2000.000000 0.000000 2799.263368 1566.253448 20172.413793 
2000.000000 0.000000 2773.277154 1607.632759 20172.413793 
2000.000000 0.000000 2749.423874 1649.012069 20172.413793 
2000.000000 0.000000 2718.411778 1690.391379 20172.413793 
2000.000000 0.000000 2691.999315 1731.770690 20172.413793 
2000.000000 0.000000 2668.601768 1773.150000 20172.413793 
2000.000000 0.000000 2645.204220 1814.529310 20172.413793 
2000.000000 0.000000 2621.806673 1855.908621 20172.413793 
2000.000000 0.000000 2598.409125 1897.287931 20172.413793 
2000.000000 0.000000 2575.011578 1938.667241 20172.413793 
2000.000000 0.000000 3321.190066 573.150000 21724.137931 
2000.000000 0.000000 3302.622293 614.529310 21724.137931 
2000.000000 0.000000 3309.023277 655.908621 21724.137931 
2000.000000 0.000000 3307.326815 697.287931 21724.137931 
2000.000000 0.000000 3305.451386 738.667241 21724.137931 
2000.000000 0.000000 3303.370843 780.046552 21724.137931 
2000.000000 0.000000 3339.517293 821.425862 21724.137931 
2000.000000 0.000000 3409.389129 862.805172 21724.137931 
2000.000000 0.000000 3438.044812 904.184483 21724.137931 
2000.000000 0.000000 3461.327984 945.563793 21724.137931 
2000.000000 0.000000 3484.977936 986.943103 21724.137931 
2000.000000 0.000000 3483.479438 1028.322414 21724.137931 
2000.000000 0.000000 3155.421165 1069.701724 21724.137931 
2000.000000 0.000000 3128.512312 1111.081034 21724.137931 
2000.000000 0.000000 3101.830307 1152.460345 21724.137931 
2000.000000 0.000000 3080.565848 1193.839655 21724.137931 
2000.000000 0.000000 3060.055897 1235.218966 21724.137931 
2000.000000 0.000000 3039.405072 1276.598276 21724.137931 
2000.000000 0.000000 3017.589322 1317.977586 21724.137931 
2000.000000 0.000000 2993.409671 1359.356897 21724.137931 
2000.000000 0.000000 2965.595403 1400.736207 21724.137931 
2000.000000 0.000000 2933.118834 1442.115517 21724.137931 
2000.000000 0.000000 2896.165754 1483.494828 21724.137931 
2000.000000 0.000000 2857.519161 1524.874138 21724.137931 
2000.000000 0.000000 2822.049441 1566.253448 21724.137931 
2000.000000 0.000000 2792.934300 1607.632759 21724.137931 
2000.000000 0.000000 2768.476040 1649.012069 21724.137931 
2000.000000 0.000000 2743.313514 1690.391379 21724.137931 
2000.000000 0.000000 2712.747722 1731.770690 21724.137931 
2000.000000 0.000000 2684.602132 1773.150000 21724.137931 
2000.000000 0.000000 2656.456542 1814.529310 21724.137931 
2000.000000 0.000000 2628.310952 1855.908621 21724.137931 
2000.000000 0.000000 2600.165361 1897.287931 21724.137931 
2000.000000 0.000000 2572.019771 1938.667241 21724.137931 
2000.000000 0.000000 3352.434704 573.150000 23275.862069 
2000.000000 0.000000 3328.620642 614.529310 23275.862069 
2000.000000 0.000000 3316.642989 655.908621 23275.862069 
2000.000000 0.000000 3314.582422 697.287931 23275.862069 
2000.000000 0.000000 3312.392832 738.667241 23275.862069 
2000.000000 0.000000 3310.053321 780.046552 23275.862069 
2000.000000 0.000000 3337.417000 821.425862 23275.862069 
2000.000000 0.000000 3402.623055 862.805172 23275.862069 
2000.000000 0.000000 3465.030482 904.184483 23275.862069 
2000.000000 0.000000 3494.201453 945.563793 23275.862069 
2000.000000 0.000000 3492.890160 986.943103 23275.862069 
2000.000000 0.000000 3488.499996 1028.322414 23275.862069 
2000.000000 0.000000 3222.141255 1069.701724 23275.862069 
2000.000000 0.000000 3149.754476 1111.081034 23275.862069 
2000.000000 0.000000 3123.210499 1152.460345 23275.862069 
2000.000000 0.000000 3098.854165 1193.839655 23275.862069 
2000.000000 0.000000 3077.728434 1235.218966 23275.862069 
2000.000000 0.000000 3056.804801 1276.598276 23275.862069 
2000.000000 0.000000 3035.246555 1317.977586 23275.862069 
2000.000000 0.000000 3011.989465 1359.356897 23275.862069 
2000.000000 0.000000 2985.856467 1400.736207 23275.862069 
2000.000000 0.000000 2955.734273 1442.115517 23275.862069 
2000.000000 0.000000 2921.129989 1483.494828 23275.862069 
2000.000000 0.000000 2883.332028 1524.874138 23275.862069 
2000.000000 0.000000 2846.056252 1566.253448 23275.862069 
2000.000000 0.000000 2813.578040 1607.632759 23275.862069 
2000.000000 0.000000 2787.007574 1649.012069 23275.862069 
2000.000000 0.000000 2763.288130 1690.391379 23275.862069 
2000.000000 0.000000 2736.160885 1731.770690 23275.862069 
2000.000000 0.000000 2705.714942 1773.150000 23275.862069 
2000.000000 0.000000 2675.268999 1814.529310 23275.862069 
2000.000000 0.000000 2644.823056 1855.908621 23275.862069 
2000.000000 0.000000 2614.377113 1897.287931 23275.862069 
2000.000000 0.000000 2583.931170 1938.667241 23275.862069 
2000.000000 0.000000 3357.255140 573.150000 24827.586207 
2000.000000 0.000000 3334.364129 614.529310 24827.586207 
2000.000000 0.000000 3328.554930 655.908621 24827.586207 
2000.000000 0.000000 3325.927025 697.287931 24827.586207 
2000.000000 0.000000 3319.018165 738.667241 24827.586207 
2000.000000 0.000000 3316.452574 780.046552 24827.586207 
2000.000000 0.000000 3340.003763 821.425862 24827.586207 
2000.000000 0.000000 3401.988079 862.805172 24827.586207 
2000.000000 0.000000 3501.445117 904.184483 24827.586207 
2000.000000 0.000000 3502.097786 945.563793 24827.586207 
2000.000000 0.000000 3497.807716 986.943103 24827.586207 
2000.000000 0.000000 3493.471404 1028.322414 24827.586207 
2000.000000 0.000000 3489.111952 1069.701724 24827.586207 
2000.000000 0.000000 3169.658559 1111.081034 24827.586207 
2000.000000 0.000000 3143.802231 1152.460345 24827.586207 
2000.000000 0.000000 3117.490150 1193.839655 24827.586207 
2000.000000 0.000000 3095.495966 1235.218966 24827.586207 
2000.000000 0.000000 3074.179644 1276.598276 24827.586207 
2000.000000 0.000000 3052.607612 1317.977586 24827.586207 
2000.000000 0.000000 3029.881367 1359.356897 24827.586207 
2000.000000 0.000000 3004.937735 1400.736207 24827.586207 
2000.000000 0.000000 2976.688005 1442.115517 24827.586207 
2000.000000 0.000000 2944.332071 1483.494828 24827.586207 
2000.000000 0.000000 2908.162646 1524.874138 24827.586207 
2000.000000 0.000000 2870.539401 1566.253448 24827.586207 
2000.000000 0.000000 2835.458332 1607.632759 24827.586207 
2000.000000 0.000000 2805.972709 1649.012069 24827.586207 
2000.000000 0.000000 2781.182306 1690.391379 24827.586207 
2000.000000 0.000000 2757.502558 1731.770690 24827.586207 
2000.000000 0.000000 2727.886627 1773.150000 24827.586207 
2000.000000 0.000000 2698.270695 1814.529310 24827.586207 
2000.000000 0.000000 2668.654763 1855.908621 24827.586207 
2000.000000 0.000000 2639.038832 1897.287931 24827.586207 
2000.000000 0.000000 2609.422900 1938.667241 24827.586207 
2000.000000 0.000000 3362.573297 573.150000 26379.310345 
2000.000000 0.000000 3359.064026 614.529310 26379.310345 
2000.000000 0.000000 3334.157389 655.908621 26379.310345 
2000.000000 0.000000 3331.556816 697.287931 26379.310345 
2000.000000 0.000000 3325.357140 738.667241 26379.310345 
2000.000000 0.000000 3322.601894 780.046552 26379.310345 
2000.000000 0.000000 3343.995113 821.425862 26379.310345 
2000.000000 0.000000 3403.137241 862.805172 26379.310345 
2000.000000 0.000000 3485.939580 904.184483 26379.310345 
2000.000000 0.000000 3506.897317 945.563793 26379.310345 
2000.000000 0.000000 3502.669765 986.943103 26379.310345 
2000.000000 0.000000 3498.395770 1028.322414 26379.310345 
2000.000000 0.000000 3494.092574 1069.701724 26379.310345 
2000.000000 0.000000 3489.774494 1111.081034 26379.310345 
2000.000000 0.000000 3163.252060 1152.460345 26379.310345 
2000.000000 0.000000 3137.521633 1193.839655 26379.310345 
2000.000000 0.000000 3113.236546 1235.218966 26379.310345 
2000.000000 0.000000 3091.558964 1276.598276 26379.310345 
2000.000000 0.000000 3069.826887 1317.977586 26379.310345 
2000.000000 0.000000 3047.348107 1359.356897 26379.310345 
2000.000000 0.000000 3023.199011 1400.736207 26379.310345 
2000.000000 0.000000 2996.367281 1442.115517 26379.310345 
2000.000000 0.000000 2965.950503 1483.494828 26379.310345 
2000.000000 0.000000 2931.665634 1524.874138 26379.310345 
2000.000000 0.000000 2894.738487 1566.253448 26379.310345 
2000.000000 0.000000 2858.261509 1607.632759 26379.310345 
2000.000000 0.000000 2825.870438 1649.012069 26379.310345 
2000.000000 0.000000 2799.006885 1690.391379 26379.310345 
2000.000000 0.000000 2775.160530 1731.770690 26379.310345 
2000.000000 0.000000 2750.934287 1773.150000 26379.310345 
2000.000000 0.000000 2726.708044 1814.529310 26379.310345 
2000.000000 0.000000 2702.481801 1855.908621 26379.310345 
2000.000000 0.000000 2678.255559 1897.287931 26379.310345 
2000.000000 0.000000 2654.029316 1938.667241 26379.310345 
2000.000000 0.000000 3371.067080 573.150000 27931.034483 
2000.000000 0.000000 3367.811576 614.529310 27931.034483 
2000.000000 0.000000 3364.324266 655.908621 27931.034483 
2000.000000 0.000000 3360.713981 697.287931 27931.034483 
2000.000000 0.000000 3338.888039 738.667241 27931.034483 
2000.000000 0.000000 3328.526076 780.046552 27931.034483 
2000.000000 0.000000 3348.221587 821.425862 27931.034483 
2000.000000 0.000000 3404.731032 862.805172 27931.034483 
2000.000000 0.000000 3484.375451 904.184483 27931.034483 
2000.000000 0.000000 3511.653933 945.563793 27931.034483 
2000.000000 0.000000 3507.487565 986.943103 27931.034483 
2000.000000 0.000000 3503.275100 1028.322414 27931.034483 
2000.000000 0.000000 3499.027910 1069.701724 27931.034483 
2000.000000 0.000000 3494.756672 1111.081034 27931.034483 
2000.000000 0.000000 3344.389838 1152.460345 27931.034483 
2000.000000 0.000000 3156.576534 1193.839655 27931.034483 
2000.000000 0.000000 3130.883385 1235.218966 27931.034483 
2000.000000 0.000000 3108.862924 1276.598276 27931.034483 
2000.000000 0.000000 3086.956385 1317.977586 27931.034483 
2000.000000 0.000000 3064.556197 1359.356897 27931.034483 
2000.000000 0.000000 3040.909329 1400.736207 27931.034483 
2000.000000 0.000000 3015.112055 1442.115517 27931.034483 
2000.000000 0.000000 2986.267471 1483.494828 27931.034483 
2000.000000 0.000000 2953.803375 1524.874138 27931.034483 
2000.000000 0.000000 2918.147381 1566.253448 27931.034483 
2000.000000 0.000000 2881.381472 1607.632759 27931.034483 
2000.000000 0.000000 2846.824589 1649.012069 27931.034483 
2000.000000 0.000000 2817.278003 1690.391379 27931.034483 
2000.000000 0.000000 2792.364404 1731.770690 27931.034483 
2000.000000 0.000000 2768.677596 1773.150000 27931.034483 
2000.000000 0.000000 2744.990787 1814.529310 27931.034483 
2000.000000 0.000000 2721.303978 1855.908621 27931.034483 
2000.000000 0.000000 2697.617170 1897.287931 27931.034483 
2000.000000 0.000000 2673.930361 1938.667241 27931.034483 
2000.000000 0.000000 3376.331220 573.150000 29482.758621 
2000.000000 0.000000 3372.768002 614.529310 29482.758621 
2000.000000 0.000000 3369.352224 655.908621 29482.758621 
2000.000000 0.000000 3365.743434 697.287931 29482.758621 
2000.000000 0.000000 3344.566298 738.667241 29482.758621 
2000.000000 0.000000 3363.231930 780.046552 29482.758621 
2000.000000 0.000000 3362.666860 821.425862 29482.758621 
2000.000000 0.000000 3425.312904 862.805172 29482.758621 
2000.000000 0.000000 3505.934648 904.184483 29482.758621 
2000.000000 0.000000 3530.042669 945.563793 29482.758621 
2000.000000 0.000000 3539.876450 986.943103 29482.758621 
2000.000000 0.000000 3508.111357 1028.322414 29482.758621 
2000.000000 0.000000 3503.919917 1069.701724 29482.758621 
2000.000000 0.000000 3499.694627 1111.081034 29482.758621 
2000.000000 0.000000 3495.419913 1152.460345 29482.758621 
2000.000000 0.000000 3259.641727 1193.839655 29482.758621 
2000.000000 0.000000 3149.594368 1235.218966 29482.758621 
2000.000000 0.000000 3125.930374 1276.598276 29482.758621 
2000.000000 0.000000 3103.951944 1317.977586 29482.758621 
2000.000000 0.000000 3081.577845 1359.356897 29482.758621 
2000.000000 0.000000 3058.246733 1400.736207 29482.758621 
2000.000000 0.000000 3033.189816 1442.115517 29482.758621 
2000.000000 0.000000 3005.573552 1483.494828 29482.758621 
2000.000000 0.000000 2974.712593 1524.874138 29482.758621 
2000.000000 0.000000 2940.538625 1566.253448 29482.758621 
2000.000000 0.000000 2904.266535 1607.632759 29482.758621 
2000.000000 0.000000 2868.526559 1649.012069 29482.758621 
2000.000000 0.000000 2836.415310 1690.391379 29482.758621 
2000.000000 0.000000 2809.510260 1731.770690 29482.758621 
2000.000000 0.000000 2785.705845 1773.150000 29482.758621 
2000.000000 0.000000 2761.901430 1814.529310 29482.758621 
2000.000000 0.000000 2738.097014 1855.908621 29482.758621 
2000.000000 0.000000 2714.292599 1897.287931 29482.758621 
2000.000000 0.000000 2690.488184 1938.667241 29482.758621 
2000.000000 0.000000 3382.134180 573.150000 31034.482759 
2000.000000 0.000000 3378.018234 614.529310 31034.482759 
2000.000000 0.000000 3374.481983 655.908621 31034.482759 
2000.000000 0.000000 3370.722403 697.287931 31034.482759 
2000.000000 0.000000 3352.299596 738.667241 31034.482759 
2000.000000 0.000000 3347.307658 780.046552 31034.482759 
2000.000000 0.000000 3371.444069 821.425862 31034.482759 
2000.000000 0.000000 3449.188987 862.805172 31034.482759 
2000.000000 0.000000 3505.302149 904.184483 31034.482759 
2000.000000 0.000000 3527.183326 945.563793 31034.482759 
2000.000000 0.000000 3544.808318 986.943103 31034.482759 
2000.000000 0.000000 3541.240183 1028.322414 31034.482759 
2000.000000 0.000000 3537.609008 1069.701724 31034.482759 
2000.000000 0.000000 3533.574730 1111.081034 31034.482759 
2000.000000 0.000000 3529.523107 1152.460345 31034.482759 
2000.000000 0.000000 3525.456211 1193.839655 31034.482759 
2000.000000 0.000000 3206.976484 1235.218966 31034.482759 
2000.000000 0.000000 3142.564692 1276.598276 31034.482759 
2000.000000 0.000000 3120.695195 1317.977586 31034.482759 
2000.000000 0.000000 3098.398246 1359.356897 31034.482759 
2000.000000 0.000000 3075.300811 1400.736207 31034.482759 
2000.000000 0.000000 3050.786509 1442.115517 31034.482759 
2000.000000 0.000000 3024.118202 1483.494828 31034.482759 
2000.000000 0.000000 2994.599223 1524.874138 31034.482759 
2000.000000 0.000000 2961.889603 1566.253448 31034.482759 
2000.000000 0.000000 2926.561948 1607.632759 31034.482759 
2000.000000 0.000000 2890.497374 1649.012069 31034.482759 
2000.000000 0.000000 2856.488915 1690.391379 31034.482759 
2000.000000 0.000000 2827.089744 1731.770690 31034.482759 
2000.000000 0.000000 2802.264680 1773.150000 31034.482759 
2000.000000 0.000000 2777.439615 1814.529310 31034.482759 
2000.000000 0.000000 2752.614551 1855.908621 31034.482759 
2000.000000 0.000000 2727.789486 1897.287931 31034.482759 
2000.000000 0.000000 2702.964422 1938.667241 31034.482759 
2000.000000 0.000000 3387.424868 573.150000 32586.206897 
2000.000000 0.000000 3383.950514 614.529310 32586.206897 
2000.000000 0.000000 3380.530909 655.908621 32586.206897 
2000.000000 0.000000 3368.526379 697.287931 32586.206897 
2000.000000 0.000000 3376.331726 738.667241 32586.206897 
2000.000000 0.000000 3353.634659 780.046552 32586.206897 
2000.000000 0.000000 3421.065082 821.425862 32586.206897 
2000.000000 0.000000 3454.733406 862.805172 32586.206897 
2000.000000 0.000000 3505.292169 904.184483 32586.206897 
2000.000000 0.000000 3525.109971 945.563793 32586.206897 
2000.000000 0.000000 3549.401522 986.943103 32586.206897 
2000.000000 0.000000 3545.397758 1028.322414 32586.206897 
2000.000000 0.000000 3541.382071 1069.701724 32586.206897 
2000.000000 0.000000 3537.356733 1111.081034 32586.206897 
2000.000000 0.000000 3533.319164 1152.460345 32586.206897 
2000.000000 0.000000 3529.266368 1193.839655 32586.206897 
2000.000000 0.000000 3525.197604 1235.218966 32586.206897 
2000.000000 0.000000 3201.989455 1276.598276 32586.206897 
2000.000000 0.000000 3137.030161 1317.977586 32586.206897 
2000.000000 0.000000 3114.934690 1359.356897 32586.206897 
2000.000000 0.000000 3092.081043 1400.736207 32586.206897 
2000.000000 0.000000 3068.005968 1442.115517 32586.206897 
2000.000000 0.000000 3042.086407 1483.494828 32586.206897 
2000.000000 0.000000 3013.670112 1524.874138 32586.206897 
2000.000000 0.000000 2982.294206 1566.253448 32586.206897 
2000.000000 0.000000 2948.105674 1607.632759 32586.206897 
2000.000000 0.000000 2912.327421 1649.012069 32586.206897 
2000.000000 0.000000 2877.228979 1690.391379 32586.206897 
2000.000000 0.000000 2845.485588 1731.770690 32586.206897 
2000.000000 0.000000 2818.746348 1773.150000 32586.206897 
2000.000000 0.000000 2792.007108 1814.529310 32586.206897 
2000.000000 0.000000 2765.267869 1855.908621 32586.206897 
2000.000000 0.000000 2738.528629 1897.287931 32586.206897 
2000.000000 0.000000 2711.789389 1938.667241 32586.206897 
2000.000000 0.000000 3392.639256 573.150000 34137.931034 
2000.000000 0.000000 3389.097194 614.529310 34137.931034 
2000.000000 0.000000 3385.619622 655.908621 34137.931034 
2000.000000 0.000000 3382.964920 697.287931 34137.931034 
2000.000000 0.000000 3381.675371 738.667241 34137.931034 
2000.000000 0.000000 3379.489326 780.046552 34137.931034 
2000.000000 0.000000 3425.022065 821.425862 34137.931034 
2000.000000 0.000000 3457.639081 862.805172 34137.931034 
2000.000000 0.000000 3505.806464 904.184483 34137.931034 
2000.000000 0.000000 3523.746008 945.563793 34137.931034 
2000.000000 0.000000 3550.064260 986.943103 34137.931034 
2000.000000 0.000000 3549.137194 1028.322414 34137.931034 
2000.000000 0.000000 3545.135532 1069.701724 34137.931034 
2000.000000 0.000000 3541.124136 1111.081034 34137.931034 
2000.000000 0.000000 3537.100507 1152.460345 34137.931034 
2000.000000 0.000000 3533.061705 1193.839655 34137.931034 
2000.000000 0.000000 3529.007010 1235.218966 34137.931034 
2000.000000 0.000000 3524.936620 1276.598276 34137.931034 
2000.000000 0.000000 3196.821928 1317.977586 34137.931034 
2000.000000 0.000000 3131.066051 1359.356897 34137.931034 
2000.000000 0.000000 3108.533467 1400.736207 34137.931034 
2000.000000 0.000000 3084.876981 1442.115517 34137.931034 
2000.000000 0.000000 3059.590649 1483.494828 34137.931034 
2000.000000 0.000000 3032.093673 1524.874138 34137.931034 
2000.000000 0.000000 3001.890201 1566.253448 34137.931034 
2000.000000 0.000000 2968.873166 1607.632759 34137.931034 
2000.000000 0.000000 2933.755274 1649.012069 34137.931034 
2000.000000 0.000000 2898.255170 1690.391379 34137.931034 
2000.000000 0.000000 2864.759026 1731.770690 34137.931034 
2000.000000 0.000000 2835.641536 1773.150000 34137.931034 
2000.000000 0.000000 2806.524045 1814.529310 34137.931034 
2000.000000 0.000000 2777.406554 1855.908621 34137.931034 
2000.000000 0.000000 2748.289064 1897.287931 34137.931034 
2000.000000 0.000000 2719.171573 1938.667241 34137.931034 
2000.000000 0.000000 3397.772597 573.150000 35689.655172 
2000.000000 0.000000 3394.171357 614.529310 35689.655172 
2000.000000 0.000000 3390.642865 655.908621 35689.655172 
2000.000000 0.000000 3388.403410 697.287931 35689.655172 
2000.000000 0.000000 3387.028353 738.667241 35689.655172 
2000.000000 0.000000 3384.858102 780.046552 35689.655172 
2000.000000 0.000000 3381.809959 821.425862 35689.655172 
2000.000000 0.000000 3460.869924 862.805172 35689.655172 
2000.000000 0.000000 3506.760368 904.184483 35689.655172 
2000.000000 0.000000 3523.011976 945.563793 35689.655172 
2000.000000 0.000000 3547.358311 986.943103 35689.655172 
2000.000000 0.000000 3552.862387 1028.322414 35689.655172 
2000.000000 0.000000 3548.874651 1069.701724 35689.655172 
2000.000000 0.000000 3544.877094 1111.081034 35689.655172 
2000.000000 0.000000 3540.867298 1152.460345 35689.655172 
2000.000000 0.000000 3536.842378 1193.839655 35689.655172 
2000.000000 0.000000 3532.801634 1235.218966 35689.655172 
2000.000000 0.000000 3528.745289 1276.598276 35689.655172 
2000.000000 0.000000 3524.673667 1317.977586 35689.655172 
2000.000000 0.000000 3190.179916 1359.356897 35689.655172 
2000.000000 0.000000 3124.566211 1400.736207 35689.655172 
2000.000000 0.000000 3101.368857 1442.115517 35689.655172 
2000.000000 0.000000 3076.674111 1483.494828 35689.655172 
2000.000000 0.000000 3049.981165 1524.874138 35689.655172 
2000.000000 0.000000 3020.808932 1566.253448 35689.655172 
2000.000000 0.000000 2988.915581 1607.632759 35689.655172 
2000.000000 0.000000 2954.653409 1649.012069 35689.655172 
2000.000000 0.000000 2919.250569 1690.391379 35689.655172 
2000.000000 0.000000 2884.685031 1731.770690 35689.655172 
2000.000000 0.000000 2853.332881 1773.150000 35689.655172 
2000.000000 0.000000 2821.980732 1814.529310 35689.655172 
2000.000000 0.000000 2790.628582 1855.908621 35689.655172 
2000.000000 0.000000 2759.276432 1897.287931 35689.655172 
2000.000000 0.000000 2727.924282 1938.667241 35689.655172 
2000.000000 0.000000 3402.821574 573.150000 37241.379310 
2000.000000 0.000000 3399.170689 614.529310 37241.379310 
2000.000000 0.000000 3395.598436 655.908621 37241.379310 
2000.000000 0.000000 3393.876395 697.287931 37241.379310 
2000.000000 0.000000 3392.389287 738.667241 37241.379310 
2000.000000 0.000000 3390.215301 780.046552 37241.379310 
2000.000000 0.000000 3387.283586 821.425862 37241.379310 
2000.000000 0.000000 3464.375726 862.805172 37241.379310 
2000.000000 0.000000 3508.082483 904.184483 37241.379310 
2000.000000 0.000000 3522.830020 945.563793 37241.379310 
2000.000000 0.000000 3545.331513 986.943103 37241.379310 
2000.000000 0.000000 3556.573489 1028.322414 37241.379310 
2000.000000 0.000000 3552.599578 1069.701724 37241.379310 
2000.000000 0.000000 3548.615759 1111.081034 37241.379310 
2000.000000 0.000000 3544.619691 1152.460345 37241.379310 
2000.000000 0.000000 3540.608540 1193.839655 37241.379310 
2000.000000 0.000000 3536.581637 1235.218966 37241.379310 
2000.000000 0.000000 3532.539220 1276.598276 37241.379310 
2000.000000 0.000000 3528.481625 1317.977586 37241.379310 
2000.000000 0.000000 3524.409108 1359.356897 37241.379310 
2000.000000 0.000000 3180.654873 1400.736207 37241.379310 
2000.000000 0.000000 3117.413214 1442.115517 37241.379310 
2000.000000 0.000000 3093.323813 1483.494828 37241.379310 
2000.000000 0.000000 3067.383187 1524.874138 37241.379310 
2000.000000 0.000000 3039.145836 1566.253448 37241.379310 
2000.000000 0.000000 3008.307951 1607.632759 37241.379310 
2000.000000 0.000000 2974.984967 1649.012069 37241.379310 
2000.000000 0.000000 2940.008804 1690.391379 37241.379310 
2000.000000 0.000000 2904.952180 1731.770690 37241.379310 
2000.000000 0.000000 2871.898158 1773.150000 37241.379310 
2000.000000 0.000000 2838.844135 1814.529310 37241.379310 
2000.000000 0.000000 2805.790113 1855.908621 37241.379310 
2000.000000 0.000000 2772.736090 1897.287931 37241.379310 
2000.000000 0.000000 2739.682068 1938.667241 37241.379310 
2000.000000 0.000000 3407.784303 573.150000 38793.103448 
2000.000000 0.000000 3404.093717 614.529310 38793.103448 
2000.000000 0.000000 3400.484758 655.908621 38793.103448 
2000.000000 0.000000 3399.395994 697.287931 38793.103448 
2000.000000 0.000000 3397.755423 738.667241 38793.103448 
2000.000000 0.000000 3395.565264 780.046552 38793.103448 
2000.000000 0.000000 3392.724750 821.425862 38793.103448 
2000.000000 0.000000 3468.115283 862.805172 38793.103448 
2000.000000 0.000000 3509.713300 904.184483 38793.103448 
2000.000000 0.000000 3523.127405 945.563793 38793.103448 
2000.000000 0.000000 3543.920289 986.943103 38793.103448 
2000.000000 0.000000 3560.270649 1028.322414 38793.103448 
2000.000000 0.000000 3556.310465 1069.701724 38793.103448 
2000.000000 0.000000 3552.340279 1111.081034 38793.103448 
2000.000000 0.000000 3548.357835 1152.460345 38793.103448 
2000.000000 0.000000 3544.360346 1193.839655 38793.103448 
2000.000000 0.000000 3540.347172 1235.218966 38793.103448 
2000.000000 0.000000 3536.318567 1276.598276 38793.103448 
2000.000000 0.000000 3532.274883 1317.977586 38793.103448 
2000.000000 0.000000 3528.216383 1359.356897 38793.103448 
2000.000000 0.000000 3512.149933 1400.736207 38793.103448 
2000.000000 0.000000 3166.630463 1442.115517 38793.103448 
2000.000000 0.000000 3109.489793 1483.494828 38793.103448 
2000.000000 0.000000 3084.298478 1524.874138 38793.103448 
2000.000000 0.000000 3056.948587 1566.253448 38793.103448 
2000.000000 0.000000 3027.113249 1607.632759 38793.103448 
2000.000000 0.000000 2994.758424 1649.012069 38793.103448 
2000.000000 0.000000 2960.415971 1690.391379 38793.103448 
2000.000000 0.000000 2925.299516 1731.770690 38793.103448 
2000.000000 0.000000 2891.151141 1773.150000 38793.103448 
2000.000000 0.000000 2857.002765 1814.529310 38793.103448 
2000.000000 0.000000 2822.854389 1855.908621 38793.103448 
2000.000000 0.000000 2788.706014 1897.287931 38793.103448 
2000.000000 0.000000 2754.557638 1938.667241 38793.103448 
2000.000000 0.000000 3412.660223 573.150000 40344.827586 
2000.000000 0.000000 3408.939822 614.529310 40344.827586 
2000.000000 0.000000 3405.300851 655.908621 40344.827586 
2000.000000 0.000000 3404.916946 697.287931 40344.827586 
2000.000000 0.000000 3403.122532 738.667241 40344.827586 
2000.000000 0.000000 3400.909822 780.046552 40344.827586 
2000.000000 0.000000 3398.144037 821.425862 40344.827586 
2000.000000 0.000000 3472.054609 862.805172 40344.827586 
2000.000000 0.000000 3511.603533 904.184483 40344.827586 
2000.000000 0.000000 3523.838617 945.563793 40344.827586 
2000.000000 0.000000 3543.063992 986.943103 40344.827586 
2000.000000 0.000000 3563.954013 1028.322414 40344.827586 
2000.000000 0.000000 3560.007455 1069.701724 40344.827586 
2000.000000 0.000000 3556.050802 1111.081034 40344.827586 
2000.000000 0.000000 3552.081877 1152.460345 40344.827586 
2000.000000 0.000000 3548.097945 1193.839655 40344.827586 
2000.000000 0.000000 3544.098390 1235.218966 40344.827586 
2000.000000 0.000000 3540.083485 1276.598276 40344.827586 
2000.000000 0.000000 3536.053594 1317.977586 40344.827586 
2000.000000 0.000000 3532.008993 1359.356897 40344.827586 
2000.000000 0.000000 3527.949854 1400.736207 40344.827586 
2000.000000 0.000000 3484.020649 1442.115517 40344.827586 
2000.000000 0.000000 3155.654776 1483.494828 40344.827586 
2000.000000 0.000000 3100.690260 1524.874138 40344.827586 
2000.000000 0.000000 3074.219823 1566.253448 40344.827586 
2000.000000 0.000000 3045.362972 1607.632759 40344.827586 
2000.000000 0.000000 3013.990971 1649.012069 40344.827586 
2000.000000 0.000000 2980.415035 1690.391379 40344.827586 
2000.000000 0.000000 2945.547772 1731.770690 40344.827586 
2000.000000 0.000000 2910.822443 1773.150000 40344.827586 
2000.000000 0.000000 2876.097114 1814.529310 40344.827586 
2000.000000 0.000000 2841.371785 1855.908621 40344.827586 
2000.000000 0.000000 2806.646456 1897.287931 40344.827586 
2000.000000 0.000000 2771.921127 1938.667241 40344.827586 
2000.000000 0.000000 3417.449874 573.150000 41896.551724 
2000.000000 0.000000 3413.709115 614.529310 41896.551724 
2000.000000 0.000000 3410.046304 655.908621 41896.551724 
2000.000000 0.000000 3410.429636 697.287931 41896.551724 
2000.000000 0.000000 3408.507734 738.667241 41896.551724 
2000.000000 0.000000 3406.248613 780.046552 41896.551724 
2000.000000 0.000000 3403.548215 821.425862 41896.551724 
2000.000000 0.000000 3476.165577 862.805172 41896.551724 
2000.000000 0.000000 3513.712431 904.184483 41896.551724 
2000.000000 0.000000 3524.906019 945.563793 41896.551724 
2000.000000 0.000000 3542.704407 986.943103 41896.551724 
2000.000000 0.000000 3567.623721 1028.322414 41896.551724 
2000.000000 0.000000 3563.690695 1069.701724 41896.551724 
2000.000000 0.000000 3559.747476 1111.081034 41896.551724 
2000.000000 0.000000 3555.791968 1152.460345 41896.551724 
2000.000000 0.000000 3551.821484 1193.839655 41896.551724 
2000.000000 0.000000 3547.835440 1235.218966 41896.551724 
2000.000000 0.000000 3543.834123 1276.598276 41896.551724 
2000.000000 0.000000 3539.817911 1317.977586 41896.551724 
2000.000000 0.000000 3535.787091 1359.356897 41896.551724 
2000.000000 0.000000 3531.741845 1400.736207 41896.551724 
2000.000000 0.000000 3527.682265 1442.115517 41896.551724 
2000.000000 0.000000 3455.356151 1483.494828 41896.551724 
2000.000000 0.000000 3151.446024 1524.874138 41896.551724 
2000.000000 0.000000 3090.929766 1566.253448 41896.551724 
2000.000000 0.000000 3063.053606 1607.632759 41896.551724 
2000.000000 0.000000 3032.685168 1649.012069 41896.551724 
2000.000000 0.000000 2999.972232 1690.391379 41896.551724 
2000.000000 0.000000 2965.580401 1731.770690 41896.551724 
2000.000000 0.000000 2930.677835 1773.150000 41896.551724 
2000.000000 0.000000 2895.775270 1814.529310 41896.551724 
2000.000000 0.000000 2860.872704 1855.908621 41896.551724 
2000.000000 0.000000 2825.970138 1897.287931 41896.551724 
2000.000000 0.000000 2791.067572 1938.667241 41896.551724 
2000.000000 0.000000 3422.154704 573.150000 43448.275862 
2000.000000 0.000000 3418.402298 614.529310 43448.275862 
2000.000000 0.000000 3417.638724 655.908621 43448.275862 
2000.000000 0.000000 3415.926241 697.287931 43448.275862 
2000.000000 0.000000 3413.893455 738.667241 43448.275862 
2000.000000 0.000000 3411.580078 780.046552 43448.275862 
2000.000000 0.000000 3408.940898 821.425862 43448.275862 
2000.000000 0.000000 3405.756997 862.805172 43448.275862 
2000.000000 0.000000 3516.006291 904.184483 43448.275862 
2000.000000 0.000000 3526.279707 945.563793 43448.275862 
2000.000000 0.000000 3542.786490 986.943103 43448.275862 
2000.000000 0.000000 3566.743959 1028.322414 43448.275862 
2000.000000 0.000000 3567.360322 1069.701724 43448.275862 
2000.000000 0.000000 3563.430440 1111.081034 43448.275862 
2000.000000 0.000000 3559.488246 1152.460345 43448.275862 
2000.000000 0.000000 3555.531110 1193.839655 43448.275862 
2000.000000 0.000000 3551.558470 1235.218966 43448.275862 
2000.000000 0.000000 3547.570632 1276.598276 43448.275862 
2000.000000 0.000000 3543.567986 1317.977586 43448.275862 
2000.000000 0.000000 3539.550831 1359.356897 43448.275862 
2000.000000 0.000000 3535.519359 1400.736207 43448.275862 
2000.000000 0.000000 3531.473670 1442.115517 43448.275862 
2000.000000 0.000000 3527.413794 1483.494828 43448.275862 
2000.000000 0.000000 3423.515409 1524.874138 43448.275862 
2000.000000 0.000000 3143.714354 1566.253448 43448.275862 
2000.000000 0.000000 3080.154453 1607.632759 43448.275862 
2000.000000 0.000000 3050.820059 1649.012069 43448.275862 
2000.000000 0.000000 3019.052704 1690.391379 43448.275862 
2000.000000 0.000000 2985.314001 1731.770690 43448.275862 
2000.000000 0.000000 2950.542826 1773.150000 43448.275862 
2000.000000 0.000000 2915.771650 1814.529310 43448.275862 
2000.000000 0.000000 2881.000474 1855.908621 43448.275862 
2000.000000 0.000000 2846.229299 1897.287931 43448.275862 
2000.000000 0.000000 2811.458123 1938.667241 43448.275862 
2000.000000 0.000000 3426.776799 573.150000 45000.000000 
2000.000000 0.000000 3423.020577 614.529310 45000.000000 
2000.000000 0.000000 3423.307118 655.908621 45000.000000 
2000.000000 0.000000 3421.401455 697.287931 45000.000000 
2000.000000 0.000000 3419.266336 738.667241 45000.000000 
2000.000000 0.000000 3416.908621 780.046552 45000.000000 
2000.000000 0.000000 3414.323789 821.425862 45000.000000 
2000.000000 0.000000 3411.291225 862.805172 45000.000000 
2000.000000 0.000000 3518.457163 904.184483 45000.000000 
2000.000000 0.000000 3527.916898 945.563793 45000.000000 
2000.000000 0.000000 3543.259252 986.943103 45000.000000 
2000.000000 0.000000 3565.767044 1028.322414 45000.000000 
2000.000000 0.000000 3571.016481 1069.701724 45000.000000 
2000.000000 0.000000 3567.099836 1111.081034 45000.000000 
2000.000000 0.000000 3563.170859 1152.460345 45000.000000 
2000.000000 0.000000 3559.226966 1193.839655 45000.000000 
2000.000000 0.000000 3555.267624 1235.218966 45000.000000 
2000.000000 0.000000 3551.293157 1276.598276 45000.000000 
2000.000000 0.000000 3547.303966 1317.977586 45000.000000 
2000.000000 0.000000 3543.300361 1359.356897 45000.000000 
2000.000000 0.000000 3539.282544 1400.736207 45000.000000 
2000.000000 0.000000 3535.250627 1442.115517 45000.000000 
2000.000000 0.000000 3531.204645 1483.494828 45000.000000 
2000.000000 0.000000 3527.144573 1524.874138 45000.000000 
2000.000000 0.000000 3384.811214 1566.253448 45000.000000 
2000.000000 0.000000 3131.921064 1607.632759 45000.000000 
2000.000000 0.000000 3068.354828 1649.012069 45000.000000 
2000.000000 0.000000 3037.608955 1690.391379 45000.000000 
2000.000000 0.000000 3004.673945 1731.770690 45000.000000 
2000.000000 0.000000 2970.284857 1773.150000 45000.000000 
2000.000000 0.000000 2935.895769 1814.529310 45000.000000 
2000.000000 0.000000 2901.506681 1855.908621 45000.000000 
2000.000000 0.000000 2867.117593 1897.287931 45000.000000 
2000.000000 0.000000 2832.728504 1938.667241 45000.000000 
