5
















































573.150000
41.379310
34
0.000000
1551.724138
30
2000.000000 0.000000 2788.001864 573.150000 0.000000 
2000.000000 0.000000 2870.082548 614.529310 0.000000 
2000.000000 0.000000 2874.891605 655.908621 0.000000 
2000.000000 0.000000 2933.340324 697.287931 0.000000 
2000.000000 0.000000 3003.611794 738.667241 0.000000 
2000.000000 0.000000 3047.278399 780.046552 0.000000 
2000.000000 0.000000 3047.957816 821.425862 0.000000 
2000.000000 0.000000 3085.098054 862.805172 0.000000 
2000.000000 0.000000 3171.076966 904.184483 0.000000 
2000.000000 0.000000 3197.265726 945.563793 0.000000 
2000.000000 0.000000 3192.765277 986.943103 0.000000 
2000.000000 0.000000 3186.510923 1028.322414 0.000000 
2000.000000 0.000000 3180.693767 1069.701724 0.000000 
2000.000000 0.000000 3187.363509 1111.081034 0.000000 
2000.000000 0.000000 3185.777357 1152.460345 0.000000 
2000.000000 0.000000 3181.980645 1193.839655 0.000000 
2000.000000 0.000000 3176.897515 1235.218966 0.000000 
2000.000000 0.000000 3170.735245 1276.598276 0.000000 
2000.000000 0.000000 3162.965895 1317.977586 0.000000 
2000.000000 0.000000 3151.666183 1359.356897 0.000000 
2000.000000 0.000000 3137.775738 1400.736207 0.000000 
2000.000000 0.000000 3112.524635 1442.115517 0.000000 
2000.000000 0.000000 3064.548329 1483.494828 0.000000 
2000.000000 0.000000 3041.218070 1524.874138 0.000000 
2000.000000 0.000000 3012.139739 1566.253448 0.000000 
2000.000000 0.000000 2976.145339 1607.632759 0.000000 
2000.000000 0.000000 2952.800665 1649.012069 0.000000 
2000.000000 0.000000 2938.412084 1690.391379 0.000000 
2000.000000 0.000000 2921.294635 1731.770690 0.000000 
2000.000000 0.000000 2900.489380 1773.150000 0.000000 
2000.000000 0.000000 2879.684125 1814.529310 0.000000 
2000.000000 0.000000 2858.878870 1855.908621 0.000000 
2000.000000 0.000000 2838.073615 1897.287931 0.000000 
2000.000000 0.000000 2817.268360 1938.667241 0.000000 
2000.000000 0.000000 2793.938186 573.150000 1551.724138 
2000.000000 0.000000 2797.099329 614.529310 1551.724138 
2000.000000 0.000000 2874.092072 655.908621 1551.724138 
2000.000000 0.000000 2893.530097 697.287931 1551.724138 
2000.000000 0.000000 2995.929282 738.667241 1551.724138 
2000.000000 0.000000 3047.777898 780.046552 1551.724138 
2000.000000 0.000000 3048.844829 821.425862 1551.724138 
2000.000000 0.000000 3051.125436 862.805172 1551.724138 
2000.000000 0.000000 3074.165607 904.184483 1551.724138 
2000.000000 0.000000 3140.199121 945.563793 1551.724138 
2000.000000 0.000000 3195.441577 986.943103 1551.724138 
2000.000000 0.000000 3192.531715 1028.322414 1551.724138 
2000.000000 0.000000 3188.476651 1069.701724 1551.724138 
2000.000000 0.000000 3182.990253 1111.081034 1551.724138 
2000.000000 0.000000 3183.147564 1152.460345 1551.724138 
2000.000000 0.000000 3186.292465 1193.839655 1551.724138 
2000.000000 0.000000 3184.717344 1235.218966 1551.724138 
2000.000000 0.000000 3181.378525 1276.598276 1551.724138 
2000.000000 0.000000 3177.179430 1317.977586 1551.724138 
2000.000000 0.000000 3152.490045 1359.356897 1551.724138 
2000.000000 0.000000 3086.561238 1400.736207 1551.724138 
2000.000000 0.000000 3046.011506 1442.115517 1551.724138 
2000.000000 0.000000 3014.544859 1483.494828 1551.724138 
2000.000000 0.000000 2972.176795 1524.874138 1551.724138 
2000.000000 0.000000 2924.339114 1566.253448 1551.724138 
2000.000000 0.000000 2901.858618 1607.632759 1551.724138 
2000.000000 0.000000 2880.761011 1649.012069 1551.724138 
2000.000000 0.000000 2855.380192 1690.391379 1551.724138 
2000.000000 0.000000 2824.205508 1731.770690 1551.724138 
2000.000000 0.000000 2785.105013 1773.150000 1551.724138 
2000.000000 0.000000 2746.004518 1814.529310 1551.724138 
2000.000000 0.000000 2706.904024 1855.908621 1551.724138 
2000.000000 0.000000 2667.803529 1897.287931 1551.724138 
2000.000000 0.000000 2628.703034 1938.667241 1551.724138 
2000.000000 0.000000 2793.375615 573.150000 3103.448276 
2000.000000 0.000000 2789.328949 614.529310 3103.448276 
2000.000000 0.000000 2878.554044 655.908621 3103.448276 
2000.000000 0.000000 2885.055587 697.287931 3103.448276 
2000.000000 0.000000 2928.086684 738.667241 3103.448276 
2000.000000 0.000000 3007.021554 780.046552 3103.448276 
2000.000000 0.000000 3051.568796 821.425862 3103.448276 
2000.000000 0.000000 3053.445724 862.805172 3103.448276 
2000.000000 0.000000 3057.038077 904.184483 3103.448276 
2000.000000 0.000000 3093.526098 945.563793 3103.448276 
2000.000000 0.000000 3186.125587 986.943103 3103.448276 
2000.000000 0.000000 3196.618439 1028.322414 3103.448276 
2000.000000 0.000000 3193.407798 1069.701724 3103.448276 
2000.000000 0.000000 3190.112261 1111.081034 3103.448276 
2000.000000 0.000000 3185.203883 1152.460345 3103.448276 
2000.000000 0.000000 3192.946756 1193.839655 3103.448276 
2000.000000 0.000000 3193.371903 1235.218966 3103.448276 
2000.000000 0.000000 3191.218169 1276.598276 3103.448276 
2000.000000 0.000000 3187.833509 1317.977586 3103.448276 
2000.000000 0.000000 3139.088795 1359.356897 3103.448276 
2000.000000 0.000000 3051.899872 1400.736207 3103.448276 
2000.000000 0.000000 3019.014075 1442.115517 3103.448276 
2000.000000 0.000000 2975.357095 1483.494828 3103.448276 
2000.000000 0.000000 2915.141176 1524.874138 3103.448276 
2000.000000 0.000000 2866.630215 1566.253448 3103.448276 
2000.000000 0.000000 2839.407338 1607.632759 3103.448276 
2000.000000 0.000000 2807.895328 1649.012069 3103.448276 
2000.000000 0.000000 2769.295783 1690.391379 3103.448276 
2000.000000 0.000000 2721.235420 1731.770690 3103.448276 
2000.000000 0.000000 2659.990506 1773.150000 3103.448276 
2000.000000 0.000000 2598.745592 1814.529310 3103.448276 
2000.000000 0.000000 2537.500678 1855.908621 3103.448276 
2000.000000 0.000000 2476.255764 1897.287931 3103.448276 
2000.000000 0.000000 2415.010850 1938.667241 3103.448276 
2000.000000 0.000000 2805.615188 573.150000 4655.172414 
2000.000000 0.000000 2795.531860 614.529310 4655.172414 
2000.000000 0.000000 2849.046512 655.908621 4655.172414 
2000.000000 0.000000 2886.797941 697.287931 4655.172414 
2000.000000 0.000000 2914.337937 738.667241 4655.172414 
2000.000000 0.000000 3008.205132 780.046552 4655.172414 
2000.000000 0.000000 3054.004845 821.425862 4655.172414 
2000.000000 0.000000 3055.384284 862.805172 4655.172414 
2000.000000 0.000000 3056.672169 904.184483 4655.172414 
2000.000000 0.000000 3073.010684 945.563793 4655.172414 
2000.000000 0.000000 3142.435868 986.943103 4655.172414 
2000.000000 0.000000 3201.593295 1028.322414 4655.172414 
2000.000000 0.000000 3198.273832 1069.701724 4655.172414 
2000.000000 0.000000 3194.900792 1111.081034 4655.172414 
2000.000000 0.000000 3191.634140 1152.460345 4655.172414 
2000.000000 0.000000 3203.296843 1193.839655 4655.172414 
2000.000000 0.000000 3204.422715 1235.218966 4655.172414 
2000.000000 0.000000 3202.733639 1276.598276 4655.172414 
2000.000000 0.000000 3199.764519 1317.977586 4655.172414 
2000.000000 0.000000 3126.814487 1359.356897 4655.172414 
2000.000000 0.000000 3038.170190 1400.736207 4655.172414 
2000.000000 0.000000 2998.476931 1442.115517 4655.172414 
2000.000000 0.000000 2942.766585 1483.494828 4655.172414 
2000.000000 0.000000 2879.142260 1524.874138 4655.172414 
2000.000000 0.000000 2821.630770 1566.253448 4655.172414 
2000.000000 0.000000 2779.450485 1607.632759 4655.172414 
2000.000000 0.000000 2736.864396 1649.012069 4655.172414 
2000.000000 0.000000 2684.335460 1690.391379 4655.172414 
2000.000000 0.000000 2617.916532 1731.770690 4655.172414 
2000.000000 0.000000 2532.739378 1773.150000 4655.172414 
2000.000000 0.000000 2447.562224 1814.529310 4655.172414 
2000.000000 0.000000 2362.385069 1855.908621 4655.172414 
2000.000000 0.000000 2277.207915 1897.287931 4655.172414 
2000.000000 0.000000 2192.030760 1938.667241 4655.172414 
2000.000000 0.000000 2811.361551 573.150000 6206.896552 
2000.000000 0.000000 2801.663319 614.529310 6206.896552 
2000.000000 0.000000 2815.421020 655.908621 6206.896552 
2000.000000 0.000000 2890.866293 697.287931 6206.896552 
2000.000000 0.000000 2908.703327 738.667241 6206.896552 
2000.000000 0.000000 2958.962834 780.046552 6206.896552 
2000.000000 0.000000 3021.774306 821.425862 6206.896552 
2000.000000 0.000000 3058.626842 862.805172 6206.896552 
2000.000000 0.000000 3059.585532 904.184483 6206.896552 
2000.000000 0.000000 3065.936036 945.563793 6206.896552 
2000.000000 0.000000 3116.473539 986.943103 6206.896552 
2000.000000 0.000000 3187.222850 1028.322414 6206.896552 
2000.000000 0.000000 3203.516501 1069.701724 6206.896552 
2000.000000 0.000000 3200.058650 1111.081034 6206.896552 
2000.000000 0.000000 3198.809243 1152.460345 6206.896552 
2000.000000 0.000000 3209.577440 1193.839655 6206.896552 
2000.000000 0.000000 3212.480229 1235.218966 6206.896552 
2000.000000 0.000000 3212.482167 1276.598276 6206.896552 
2000.000000 0.000000 3210.957739 1317.977586 6206.896552 
2000.000000 0.000000 3133.261203 1359.356897 6206.896552 
2000.000000 0.000000 3029.912766 1400.736207 6206.896552 
2000.000000 0.000000 2984.660992 1442.115517 6206.896552 
2000.000000 0.000000 2918.966275 1483.494828 6206.896552 
2000.000000 0.000000 2854.652875 1524.874138 6206.896552 
2000.000000 0.000000 2790.377461 1566.253448 6206.896552 
2000.000000 0.000000 2726.812969 1607.632759 6206.896552 
2000.000000 0.000000 2673.900093 1649.012069 6206.896552 
2000.000000 0.000000 2608.446519 1690.391379 6206.896552 
2000.000000 0.000000 2524.853176 1731.770690 6206.896552 
2000.000000 0.000000 2416.992767 1773.150000 6206.896552 
2000.000000 0.000000 2309.132358 1814.529310 6206.896552 
2000.000000 0.000000 2201.271950 1855.908621 6206.896552 
2000.000000 0.000000 2093.411541 1897.287931 6206.896552 
2000.000000 0.000000 1985.551132 1938.667241 6206.896552 
2000.000000 0.000000 2817.458751 573.150000 7758.620690 
2000.000000 0.000000 2813.618790 614.529310 7758.620690 
2000.000000 0.000000 2803.735740 655.908621 7758.620690 
2000.000000 0.000000 2895.700570 697.287931 7758.620690 
2000.000000 0.000000 2906.095565 738.667241 7758.620690 
2000.000000 0.000000 2938.701538 780.046552 7758.620690 
2000.000000 0.000000 3020.117394 821.425862 7758.620690 
2000.000000 0.000000 3061.972133 862.805172 7758.620690 
2000.000000 0.000000 3063.272681 904.184483 7758.620690 
2000.000000 0.000000 3065.274878 945.563793 7758.620690 
2000.000000 0.000000 3101.214390 986.943103 7758.620690 
2000.000000 0.000000 3162.687640 1028.322414 7758.620690 
2000.000000 0.000000 3208.934805 1069.701724 7758.620690 
2000.000000 0.000000 3205.403717 1111.081034 7758.620690 
2000.000000 0.000000 3209.291085 1152.460345 7758.620690 
2000.000000 0.000000 3216.766176 1193.839655 7758.620690 
2000.000000 0.000000 3218.643849 1235.218966 7758.620690 
2000.000000 0.000000 3218.172788 1276.598276 7758.620690 
2000.000000 0.000000 3216.392648 1317.977586 7758.620690 
2000.000000 0.000000 3147.431668 1359.356897 7758.620690 
2000.000000 0.000000 3026.706592 1400.736207 7758.620690 
2000.000000 0.000000 2977.639708 1442.115517 7758.620690 
2000.000000 0.000000 2905.392258 1483.494828 7758.620690 
2000.000000 0.000000 2840.909447 1524.874138 7758.620690 
2000.000000 0.000000 2772.917617 1566.253448 7758.620690 
2000.000000 0.000000 2688.849939 1607.632759 7758.620690 
2000.000000 0.000000 2623.755424 1649.012069 7758.620690 
2000.000000 0.000000 2547.924291 1690.391379 7758.620690 
2000.000000 0.000000 2450.361229 1731.770690 7758.620690 
2000.000000 0.000000 2323.800313 1773.150000 7758.620690 
2000.000000 0.000000 2197.239398 1814.529310 7758.620690 
2000.000000 0.000000 2070.678483 1855.908621 7758.620690 
2000.000000 0.000000 1944.117567 1897.287931 7758.620690 
2000.000000 0.000000 1817.556652 1938.667241 7758.620690 
2000.000000 0.000000 2823.092753 573.150000 9310.344828 
2000.000000 0.000000 2814.122140 614.529310 9310.344828 
2000.000000 0.000000 2810.171431 655.908621 9310.344828 
2000.000000 0.000000 2900.850992 697.287931 9310.344828 
2000.000000 0.000000 2907.211504 738.667241 9310.344828 
2000.000000 0.000000 2931.861521 780.046552 9310.344828 
2000.000000 0.000000 3021.939390 821.425862 9310.344828 
2000.000000 0.000000 3065.197704 862.805172 9310.344828 
2000.000000 0.000000 3067.164769 904.184483 9310.344828 
2000.000000 0.000000 3067.379097 945.563793 9310.344828 
2000.000000 0.000000 3093.010871 986.943103 9310.344828 
2000.000000 0.000000 3146.023031 1028.322414 9310.344828 
2000.000000 0.000000 3212.816539 1069.701724 9310.344828 
2000.000000 0.000000 3210.838585 1111.081034 9310.344828 
2000.000000 0.000000 3219.672878 1152.460345 9310.344828 
2000.000000 0.000000 3224.307663 1193.839655 9310.344828 
2000.000000 0.000000 3225.133374 1235.218966 9310.344828 
2000.000000 0.000000 3224.134107 1276.598276 9310.344828 
2000.000000 0.000000 3222.050143 1317.977586 9310.344828 
2000.000000 0.000000 3170.044758 1359.356897 9310.344828 
2000.000000 0.000000 3027.981950 1400.736207 9310.344828 
2000.000000 0.000000 2976.877207 1442.115517 9310.344828 
2000.000000 0.000000 2901.792381 1483.494828 9310.344828 
2000.000000 0.000000 2836.362978 1524.874138 9310.344828 
2000.000000 0.000000 2767.468737 1566.253448 9310.344828 
2000.000000 0.000000 2682.635235 1607.632759 9310.344828 
2000.000000 0.000000 2588.642518 1649.012069 9310.344828 
2000.000000 0.000000 2505.801020 1690.391379 9310.344828 
2000.000000 0.000000 2398.626137 1731.770690 9310.344828 
2000.000000 0.000000 2329.819775 1773.150000 9310.344828 
2000.000000 0.000000 2261.013414 1814.529310 9310.344828 
2000.000000 0.000000 2192.207053 1855.908621 9310.344828 
2000.000000 0.000000 2123.400691 1897.287931 9310.344828 
2000.000000 0.000000 2054.594330 1938.667241 9310.344828 
2000.000000 0.000000 2828.672759 573.150000 10862.068966 
2000.000000 0.000000 2824.886712 614.529310 10862.068966 
2000.000000 0.000000 2816.136668 655.908621 10862.068966 
2000.000000 0.000000 2877.808871 697.287931 10862.068966 
2000.000000 0.000000 2910.441935 738.667241 10862.068966 
2000.000000 0.000000 2930.194847 780.046552 10862.068966 
2000.000000 0.000000 2998.826977 821.425862 10862.068966 
2000.000000 0.000000 3068.295795 862.805172 10862.068966 
2000.000000 0.000000 3071.111669 904.184483 10862.068966 
2000.000000 0.000000 3070.676422 945.563793 10862.068966 
2000.000000 0.000000 3089.676289 986.943103 10862.068966 
2000.000000 0.000000 3135.523287 1028.322414 10862.068966 
2000.000000 0.000000 3195.323055 1069.701724 10862.068966 
2000.000000 0.000000 3221.202374 1111.081034 10862.068966 
2000.000000 0.000000 3232.081743 1152.460345 10862.068966 
2000.000000 0.000000 3234.612885 1193.839655 10862.068966 
2000.000000 0.000000 3233.960380 1235.218966 10862.068966 
2000.000000 0.000000 3231.598239 1276.598276 10862.068966 
2000.000000 0.000000 3228.134681 1317.977586 10862.068966 
2000.000000 0.000000 3199.484063 1359.356897 10862.068966 
2000.000000 0.000000 3056.001180 1400.736207 10862.068966 
2000.000000 0.000000 2981.481453 1442.115517 10862.068966 
2000.000000 0.000000 2906.721764 1483.494828 10862.068966 
2000.000000 0.000000 2839.185746 1524.874138 10862.068966 
2000.000000 0.000000 2771.497407 1566.253448 10862.068966 
2000.000000 0.000000 2688.927748 1607.632759 10862.068966 
2000.000000 0.000000 2585.505041 1649.012069 10862.068966 
2000.000000 0.000000 2482.196249 1690.391379 10862.068966 
2000.000000 0.000000 2372.499586 1731.770690 10862.068966 
2000.000000 0.000000 2348.936158 1773.150000 10862.068966 
2000.000000 0.000000 2325.372731 1814.529310 10862.068966 
2000.000000 0.000000 2301.809303 1855.908621 10862.068966 
2000.000000 0.000000 2278.245875 1897.287931 10862.068966 
2000.000000 0.000000 2254.682447 1938.667241 10862.068966 
2000.000000 0.000000 2834.200489 573.150000 12413.793103 
2000.000000 0.000000 2825.919942 614.529310 12413.793103 
2000.000000 0.000000 2822.044211 655.908621 12413.793103 
2000.000000 0.000000 2855.894667 697.287931 12413.793103 
2000.000000 0.000000 2914.711373 738.667241 12413.793103 
2000.000000 0.000000 2931.020111 780.046552 12413.793103 
2000.000000 0.000000 2973.469581 821.425862 12413.793103 
2000.000000 0.000000 3049.213630 862.805172 12413.793103 
2000.000000 0.000000 3075.075159 904.184483 12413.793103 
2000.000000 0.000000 3076.615194 945.563793 12413.793103 
2000.000000 0.000000 3089.456197 986.943103 12413.793103 
2000.000000 0.000000 3129.269456 1028.322414 12413.793103 
2000.000000 0.000000 3183.014608 1069.701724 12413.793103 
2000.000000 0.000000 3241.428427 1111.081034 12413.793103 
2000.000000 0.000000 3245.759086 1152.460345 12413.793103 
2000.000000 0.000000 3245.878379 1193.839655 12413.793103 
2000.000000 0.000000 3244.029237 1235.218966 12413.793103 
2000.000000 0.000000 3241.003963 1276.598276 12413.793103 
2000.000000 0.000000 3237.167348 1317.977586 12413.793103 
2000.000000 0.000000 3232.712768 1359.356897 12413.793103 
2000.000000 0.000000 3114.518725 1400.736207 12413.793103 
2000.000000 0.000000 2990.452672 1442.115517 12413.793103 
2000.000000 0.000000 2918.258076 1483.494828 12413.793103 
2000.000000 0.000000 2847.685658 1524.874138 12413.793103 
2000.000000 0.000000 2782.551470 1566.253448 12413.793103 
2000.000000 0.000000 2704.540021 1607.632759 12413.793103 
2000.000000 0.000000 2606.938639 1649.012069 12413.793103 
2000.000000 0.000000 2483.496715 1690.391379 12413.793103 
2000.000000 0.000000 2388.438815 1731.770690 12413.793103 
2000.000000 0.000000 2368.030296 1773.150000 12413.793103 
2000.000000 0.000000 2347.621777 1814.529310 12413.793103 
2000.000000 0.000000 2327.213257 1855.908621 12413.793103 
2000.000000 0.000000 2306.804738 1897.287931 12413.793103 
2000.000000 0.000000 2286.396219 1938.667241 12413.793103 
2000.000000 0.000000 2839.677460 573.150000 13965.517241 
2000.000000 0.000000 2831.740200 614.529310 13965.517241 
2000.000000 0.000000 2827.900730 655.908621 13965.517241 
2000.000000 0.000000 2844.164799 697.287931 13965.517241 
2000.000000 0.000000 2919.535612 738.667241 13965.517241 
2000.000000 0.000000 2933.234243 780.046552 13965.517241 
2000.000000 0.000000 2962.253651 821.425862 13965.517241 
2000.000000 0.000000 3047.331920 862.805172 13965.517241 
2000.000000 0.000000 3079.054301 904.184483 13965.517241 
2000.000000 0.000000 3081.371943 945.563793 13965.517241 
2000.000000 0.000000 3091.136263 986.943103 13965.517241 
2000.000000 0.000000 3125.995182 1028.322414 13965.517241 
2000.000000 0.000000 3187.394488 1069.701724 13965.517241 
2000.000000 0.000000 3256.359294 1111.081034 13965.517241 
2000.000000 0.000000 3257.301198 1152.460345 13965.517241 
2000.000000 0.000000 3255.897662 1193.839655 13965.517241 
2000.000000 0.000000 3253.218083 1235.218966 13965.517241 
2000.000000 0.000000 3249.706133 1276.598276 13965.517241 
2000.000000 0.000000 3245.585180 1317.977586 13965.517241 
2000.000000 0.000000 3240.980267 1359.356897 13965.517241 
2000.000000 0.000000 3144.010340 1400.736207 13965.517241 
2000.000000 0.000000 3002.840650 1442.115517 13965.517241 
2000.000000 0.000000 2934.524246 1483.494828 13965.517241 
2000.000000 0.000000 2860.468735 1524.874138 13965.517241 
2000.000000 0.000000 2798.604594 1566.253448 13965.517241 
2000.000000 0.000000 2725.211218 1607.632759 13965.517241 
2000.000000 0.000000 2635.435580 1649.012069 13965.517241 
2000.000000 0.000000 2522.643791 1690.391379 13965.517241 
2000.000000 0.000000 2408.110832 1731.770690 13965.517241 
2000.000000 0.000000 2387.007028 1773.150000 13965.517241 
2000.000000 0.000000 2365.903224 1814.529310 13965.517241 
2000.000000 0.000000 2344.799421 1855.908621 13965.517241 
2000.000000 0.000000 2323.695617 1897.287931 13965.517241 
2000.000000 0.000000 2302.591813 1938.667241 13965.517241 
2000.000000 0.000000 2845.105034 573.150000 15517.241379 
2000.000000 0.000000 2837.519758 614.529310 15517.241379 
2000.000000 0.000000 2833.714014 655.908621 15517.241379 
2000.000000 0.000000 2837.972580 697.287931 15517.241379 
2000.000000 0.000000 2924.687751 738.667241 15517.241379 
2000.000000 0.000000 2936.305530 780.046552 15517.241379 
2000.000000 0.000000 2957.470586 821.425862 15517.241379 
2000.000000 0.000000 3048.302488 862.805172 15517.241379 
2000.000000 0.000000 3085.826144 904.184483 15517.241379 
2000.000000 0.000000 3086.164691 945.563793 15517.241379 
2000.000000 0.000000 3093.980398 986.943103 15517.241379 
2000.000000 0.000000 3131.947242 1028.322414 15517.241379 
2000.000000 0.000000 3189.955722 1069.701724 15517.241379 
2000.000000 0.000000 3268.331394 1111.081034 15517.241379 
2000.000000 0.000000 3267.347619 1152.460345 15517.241379 
2000.000000 0.000000 3264.949909 1193.839655 15517.241379 
2000.000000 0.000000 3261.687959 1235.218966 15517.241379 
2000.000000 0.000000 3257.819634 1276.598276 15517.241379 
2000.000000 0.000000 3253.484604 1317.977586 15517.241379 
2000.000000 0.000000 3248.764640 1359.356897 15517.241379 
2000.000000 0.000000 3195.034700 1400.736207 15517.241379 
2000.000000 0.000000 3021.851624 1442.115517 15517.241379 
2000.000000 0.000000 2953.948644 1483.494828 15517.241379 
2000.000000 0.000000 2876.456248 1524.874138 15517.241379 
2000.000000 0.000000 2818.078860 1566.253448 15517.241379 
2000.000000 0.000000 2749.998148 1607.632759 15517.241379 
2000.000000 0.000000 2667.802160 1649.012069 15517.241379 
2000.000000 0.000000 2565.702707 1690.391379 15517.241379 
2000.000000 0.000000 2434.579176 1731.770690 15517.241379 
2000.000000 0.000000 2409.992956 1773.150000 15517.241379 
2000.000000 0.000000 2385.406737 1814.529310 15517.241379 
2000.000000 0.000000 2360.820517 1855.908621 15517.241379 
2000.000000 0.000000 2336.234298 1897.287931 15517.241379 
2000.000000 0.000000 2311.648078 1938.667241 15517.241379 
2000.000000 0.000000 2850.484421 573.150000 17068.965517 
2000.000000 0.000000 2846.807962 614.529310 17068.965517 
2000.000000 0.000000 2843.069496 655.908621 17068.965517 
2000.000000 0.000000 2835.651020 697.287931 17068.965517 
2000.000000 0.000000 2930.053472 738.667241 17068.965517 
2000.000000 0.000000 2939.943649 780.046552 17068.965517 
2000.000000 0.000000 2956.062485 821.425862 17068.965517 
2000.000000 0.000000 3050.709730 862.805172 17068.965517 
2000.000000 0.000000 3090.548731 904.184483 17068.965517 
2000.000000 0.000000 3090.971701 945.563793 17068.965517 
2000.000000 0.000000 3097.562149 986.943103 17068.965517 
2000.000000 0.000000 3150.309061 1028.322414 17068.965517 
2000.000000 0.000000 3191.246088 1069.701724 17068.965517 
2000.000000 0.000000 3281.316546 1111.081034 17068.965517 
2000.000000 0.000000 3279.247388 1152.460345 17068.965517 
2000.000000 0.000000 3276.465196 1193.839655 17068.965517 
2000.000000 0.000000 3273.088844 1235.218966 17068.965517 
2000.000000 0.000000 3265.449191 1276.598276 17068.965517 
2000.000000 0.000000 3260.954197 1317.977586 17068.965517 
2000.000000 0.000000 3256.147808 1359.356897 17068.965517 
2000.000000 0.000000 3251.063273 1400.736207 17068.965517 
2000.000000 0.000000 3084.938558 1442.115517 17068.965517 
2000.000000 0.000000 2975.233480 1483.494828 17068.965517 
2000.000000 0.000000 2894.831592 1524.874138 17068.965517 
2000.000000 0.000000 2839.873794 1566.253448 17068.965517 
2000.000000 0.000000 2777.082223 1607.632759 17068.965517 
2000.000000 0.000000 2702.338319 1649.012069 17068.965517 
2000.000000 0.000000 2610.551549 1690.391379 17068.965517 
2000.000000 0.000000 2493.947650 1731.770690 17068.965517 
2000.000000 0.000000 2430.878450 1773.150000 17068.965517 
2000.000000 0.000000 2367.809250 1814.529310 17068.965517 
2000.000000 0.000000 2304.740051 1855.908621 17068.965517 
2000.000000 0.000000 2241.670851 1897.287931 17068.965517 
2000.000000 0.000000 2178.601652 1938.667241 17068.965517 
2000.000000 0.000000 2855.816730 573.150000 18620.689655 
2000.000000 0.000000 2849.003450 614.529310 18620.689655 
2000.000000 0.000000 2845.248053 655.908621 18620.689655 
2000.000000 0.000000 2841.427468 697.287931 18620.689655 
2000.000000 0.000000 2935.572209 738.667241 18620.689655 
2000.000000 0.000000 2943.972513 780.046552 18620.689655 
2000.000000 0.000000 2956.614243 821.425862 18620.689655 
2000.000000 0.000000 3046.569048 862.805172 18620.689655 
2000.000000 0.000000 3095.289951 904.184483 18620.689655 
2000.000000 0.000000 3095.789189 945.563793 18620.689655 
2000.000000 0.000000 3117.740560 986.943103 18620.689655 
2000.000000 0.000000 3161.478399 1028.322414 18620.689655 
2000.000000 0.000000 3192.462600 1069.701724 18620.689655 
2000.000000 0.000000 3291.203652 1111.081034 18620.689655 
2000.000000 0.000000 3288.353056 1152.460345 18620.689655 
2000.000000 0.000000 3284.860181 1193.839655 18620.689655 
2000.000000 0.000000 3281.132871 1235.218966 18620.689655 
2000.000000 0.000000 3277.029691 1276.598276 18620.689655 
2000.000000 0.000000 3272.601074 1317.977586 18620.689655 
2000.000000 0.000000 3264.383291 1359.356897 18620.689655 
2000.000000 0.000000 3258.096770 1400.736207 18620.689655 
2000.000000 0.000000 3146.066254 1442.115517 18620.689655 
2000.000000 0.000000 3004.650690 1483.494828 18620.689655 
2000.000000 0.000000 2923.587182 1524.874138 18620.689655 
2000.000000 0.000000 2863.205355 1566.253448 18620.689655 
2000.000000 0.000000 2805.358917 1607.632759 18620.689655 
2000.000000 0.000000 2737.582381 1649.012069 18620.689655 
2000.000000 0.000000 2655.355675 1690.391379 18620.689655 
2000.000000 0.000000 2552.058550 1731.770690 18620.689655 
2000.000000 0.000000 2450.168839 1773.150000 18620.689655 
2000.000000 0.000000 2348.279128 1814.529310 18620.689655 
2000.000000 0.000000 2246.389417 1855.908621 18620.689655 
2000.000000 0.000000 2144.499706 1897.287931 18620.689655 
2000.000000 0.000000 2042.609995 1938.667241 18620.689655 
2000.000000 0.000000 2861.102988 573.150000 20172.413793 
2000.000000 0.000000 2857.482830 614.529310 20172.413793 
2000.000000 0.000000 2853.799052 655.908621 20172.413793 
2000.000000 0.000000 2847.174613 697.287931 20172.413793 
2000.000000 0.000000 2941.209843 738.667241 20172.413793 
2000.000000 0.000000 2948.276981 780.046552 20172.413793 
2000.000000 0.000000 2958.391552 821.425862 20172.413793 
2000.000000 0.000000 3026.217081 862.805172 20172.413793 
2000.000000 0.000000 3100.076089 904.184483 20172.413793 
2000.000000 0.000000 3102.909675 945.563793 20172.413793 
2000.000000 0.000000 3136.071895 986.943103 20172.413793 
2000.000000 0.000000 3169.409733 1028.322414 20172.413793 
2000.000000 0.000000 3193.859608 1069.701724 20172.413793 
2000.000000 0.000000 3300.292494 1111.081034 20172.413793 
2000.000000 0.000000 3296.939039 1152.460345 20172.413793 
2000.000000 0.000000 3293.102012 1193.839655 20172.413793 
2000.000000 0.000000 3288.915938 1235.218966 20172.413793 
2000.000000 0.000000 3284.626740 1276.598276 20172.413793 
2000.000000 0.000000 3280.059919 1317.977586 20172.413793 
2000.000000 0.000000 3275.240244 1359.356897 20172.413793 
2000.000000 0.000000 3270.183576 1400.736207 20172.413793 
2000.000000 0.000000 3203.295306 1442.115517 20172.413793 
2000.000000 0.000000 3049.444502 1483.494828 20172.413793 
2000.000000 0.000000 2956.414519 1524.874138 20172.413793 
2000.000000 0.000000 2887.481393 1566.253448 20172.413793 
2000.000000 0.000000 2834.055621 1607.632759 20172.413793 
2000.000000 0.000000 2772.589087 1649.012069 20172.413793 
2000.000000 0.000000 2698.992421 1690.391379 20172.413793 
2000.000000 0.000000 2607.596204 1731.770690 20172.413793 
2000.000000 0.000000 2489.116223 1773.150000 20172.413793 
2000.000000 0.000000 2370.636242 1814.529310 20172.413793 
2000.000000 0.000000 2252.156262 1855.908621 20172.413793 
2000.000000 0.000000 2133.676281 1897.287931 20172.413793 
2000.000000 0.000000 2015.196300 1938.667241 20172.413793 
2000.000000 0.000000 2866.344140 573.150000 21724.137931 
2000.000000 0.000000 2862.752374 614.529310 21724.137931 
2000.000000 0.000000 2856.602194 655.908621 21724.137931 
2000.000000 0.000000 2852.851616 697.287931 21724.137931 
2000.000000 0.000000 2928.137646 738.667241 21724.137931 
2000.000000 0.000000 2952.778343 780.046552 21724.137931 
2000.000000 0.000000 2960.978334 821.425862 21724.137931 
2000.000000 0.000000 3014.794672 862.805172 21724.137931 
2000.000000 0.000000 3104.919818 904.184483 21724.137931 
2000.000000 0.000000 3125.816001 945.563793 21724.137931 
2000.000000 0.000000 3150.478489 986.943103 21724.137931 
2000.000000 0.000000 3175.794020 1028.322414 21724.137931 
2000.000000 0.000000 3195.483838 1069.701724 21724.137931 
2000.000000 0.000000 3308.963460 1111.081034 21724.137931 
2000.000000 0.000000 3305.260928 1152.460345 21724.137931 
2000.000000 0.000000 3301.163057 1193.839655 21724.137931 
2000.000000 0.000000 3296.731857 1235.218966 21724.137931 
2000.000000 0.000000 3292.100127 1276.598276 21724.137931 
2000.000000 0.000000 3287.413880 1317.977586 21724.137931 
2000.000000 0.000000 3282.501938 1359.356897 21724.137931 
2000.000000 0.000000 3277.376072 1400.736207 21724.137931 
2000.000000 0.000000 3271.840384 1442.115517 21724.137931 
2000.000000 0.000000 3090.768278 1483.494828 21724.137931 
2000.000000 0.000000 2993.414448 1524.874138 21724.137931 
2000.000000 0.000000 2912.328918 1566.253448 21724.137931 
2000.000000 0.000000 2862.675906 1607.632759 21724.137931 
2000.000000 0.000000 2806.776096 1649.012069 21724.137931 
2000.000000 0.000000 2740.820191 1690.391379 21724.137931 
2000.000000 0.000000 2659.875096 1731.770690 21724.137931 
2000.000000 0.000000 2556.237158 1773.150000 21724.137931 
2000.000000 0.000000 2452.599221 1814.529310 21724.137931 
2000.000000 0.000000 2348.961284 1855.908621 21724.137931 
2000.000000 0.000000 2245.323347 1897.287931 21724.137931 
2000.000000 0.000000 2141.685410 1938.667241 21724.137931 
2000.000000 0.000000 2871.541091 573.150000 23275.862069 
2000.000000 0.000000 2867.977800 614.529310 23275.862069 
2000.000000 0.000000 2864.350207 655.908621 23275.862069 
2000.000000 0.000000 2858.397641 697.287931 23275.862069 
2000.000000 0.000000 2919.391736 738.667241 23275.862069 
2000.000000 0.000000 2957.421833 780.046552 23275.862069 
2000.000000 0.000000 2964.122056 821.425862 23275.862069 
2000.000000 0.000000 3008.566062 862.805172 23275.862069 
2000.000000 0.000000 3118.696432 904.184483 23275.862069 
2000.000000 0.000000 3142.057238 945.563793 23275.862069 
2000.000000 0.000000 3163.081887 986.943103 23275.862069 
2000.000000 0.000000 3181.410793 1028.322414 23275.862069 
2000.000000 0.000000 3197.334196 1069.701724 23275.862069 
2000.000000 0.000000 3317.506208 1111.081034 23275.862069 
2000.000000 0.000000 3313.531998 1152.460345 23275.862069 
2000.000000 0.000000 3309.209797 1193.839655 23275.862069 
2000.000000 0.000000 3304.585716 1235.218966 23275.862069 
2000.000000 0.000000 3299.697105 1276.598276 23275.862069 
2000.000000 0.000000 3294.715342 1317.977586 23275.862069 
2000.000000 0.000000 3289.712067 1359.356897 23275.862069 
2000.000000 0.000000 3284.514744 1400.736207 23275.862069 
2000.000000 0.000000 3279.128092 1442.115517 23275.862069 
2000.000000 0.000000 3162.266161 1483.494828 23275.862069 
2000.000000 0.000000 3042.101666 1524.874138 23275.862069 
2000.000000 0.000000 2948.218836 1566.253448 23275.862069 
2000.000000 0.000000 2890.927825 1607.632759 23275.862069 
2000.000000 0.000000 2839.812005 1649.012069 23275.862069 
2000.000000 0.000000 2780.512467 1690.391379 23275.862069 
2000.000000 0.000000 2708.650693 1731.770690 23275.862069 
2000.000000 0.000000 2617.803567 1773.150000 23275.862069 
2000.000000 0.000000 2526.956441 1814.529310 23275.862069 
2000.000000 0.000000 2436.109314 1855.908621 23275.862069 
2000.000000 0.000000 2345.262188 1897.287931 23275.862069 
2000.000000 0.000000 2254.415061 1938.667241 23275.862069 
2000.000000 0.000000 2876.694704 573.150000 24827.586207 
2000.000000 0.000000 2873.159890 614.529310 24827.586207 
2000.000000 0.000000 2869.560735 655.908621 24827.586207 
2000.000000 0.000000 2863.838331 697.287931 24827.586207 
2000.000000 0.000000 2914.401309 738.667241 24827.586207 
2000.000000 0.000000 2962.169032 780.046552 24827.586207 
2000.000000 0.000000 2967.660294 821.425862 24827.586207 
2000.000000 0.000000 3005.584923 862.805172 24827.586207 
2000.000000 0.000000 3136.876965 904.184483 24827.586207 
2000.000000 0.000000 3155.426898 945.563793 24827.586207 
2000.000000 0.000000 3174.778132 986.943103 24827.586207 
2000.000000 0.000000 3186.622493 1028.322414 24827.586207 
2000.000000 0.000000 3199.401157 1069.701724 24827.586207 
2000.000000 0.000000 3326.157582 1111.081034 24827.586207 
2000.000000 0.000000 3321.934405 1152.460345 24827.586207 
2000.000000 0.000000 3317.387120 1193.839655 24827.586207 
2000.000000 0.000000 3312.556704 1235.218966 24827.586207 
2000.000000 0.000000 3307.479169 1276.598276 24827.586207 
2000.000000 0.000000 3302.185747 1317.977586 24827.586207 
2000.000000 0.000000 3296.895061 1359.356897 24827.586207 
2000.000000 0.000000 3291.620259 1400.736207 24827.586207 
2000.000000 0.000000 3286.174254 1442.115517 24827.586207 
2000.000000 0.000000 3222.906525 1483.494828 24827.586207 
2000.000000 0.000000 3084.764718 1524.874138 24827.586207 
2000.000000 0.000000 2997.849290 1566.253448 24827.586207 
2000.000000 0.000000 2919.320883 1607.632759 24827.586207 
2000.000000 0.000000 2871.541195 1649.012069 24827.586207 
2000.000000 0.000000 2817.949359 1690.391379 24827.586207 
2000.000000 0.000000 2753.912630 1731.770690 24827.586207 
2000.000000 0.000000 2674.012617 1773.150000 24827.586207 
2000.000000 0.000000 2594.112603 1814.529310 24827.586207 
2000.000000 0.000000 2514.212589 1855.908621 24827.586207 
2000.000000 0.000000 2434.312575 1897.287931 24827.586207 
2000.000000 0.000000 2354.412561 1938.667241 24827.586207 
2000.000000 0.000000 2881.805801 573.150000 26379.310345 
2000.000000 0.000000 2878.299412 614.529310 26379.310345 
2000.000000 0.000000 2872.843603 655.908621 26379.310345 
2000.000000 0.000000 2869.788001 697.287931 26379.310345 
2000.000000 0.000000 2875.124066 738.667241 26379.310345 
2000.000000 0.000000 2966.992427 780.046552 26379.310345 
2000.000000 0.000000 2971.483200 821.425862 26379.310345 
2000.000000 0.000000 3004.759887 862.805172 26379.310345 
2000.000000 0.000000 3150.846490 904.184483 26379.310345 
2000.000000 0.000000 3167.409492 945.563793 26379.310345 
2000.000000 0.000000 3186.005724 986.943103 26379.310345 
2000.000000 0.000000 3191.598539 1028.322414 26379.310345 
2000.000000 0.000000 3201.674686 1069.701724 26379.310345 
2000.000000 0.000000 3335.102907 1111.081034 26379.310345 
2000.000000 0.000000 3330.610708 1152.460345 26379.310345 
2000.000000 0.000000 3325.807568 1193.839655 26379.310345 
2000.000000 0.000000 3320.735783 1235.218966 26379.310345 
2000.000000 0.000000 3315.433559 1276.598276 26379.310345 
2000.000000 0.000000 3309.934280 1317.977586 26379.310345 
2000.000000 0.000000 3304.265820 1359.356897 26379.310345 
2000.000000 0.000000 3298.690812 1400.736207 26379.310345 
2000.000000 0.000000 3293.180005 1442.115517 26379.310345 
2000.000000 0.000000 3264.443281 1483.494828 26379.310345 
2000.000000 0.000000 3131.106476 1524.874138 26379.310345 
2000.000000 0.000000 3040.114768 1566.253448 26379.310345 
2000.000000 0.000000 2964.958032 1607.632759 26379.310345 
2000.000000 0.000000 2901.935670 1649.012069 26379.310345 
2000.000000 0.000000 2853.148049 1690.391379 26379.310345 
2000.000000 0.000000 2795.791878 1731.770690 26379.310345 
2000.000000 0.000000 2725.209080 1773.150000 26379.310345 
2000.000000 0.000000 2654.626282 1814.529310 26379.310345 
2000.000000 0.000000 2584.043484 1855.908621 26379.310345 
2000.000000 0.000000 2513.460686 1897.287931 26379.310345 
2000.000000 0.000000 2442.877888 1938.667241 26379.310345 
2000.000000 0.000000 2886.875187 573.150000 27931.034483 
2000.000000 0.000000 2883.397111 614.529310 27931.034483 
2000.000000 0.000000 2879.855066 655.908621 27931.034483 
2000.000000 0.000000 2877.074182 697.287931 27931.034483 
2000.000000 0.000000 2884.219140 738.667241 27931.034483 
2000.000000 0.000000 2971.871564 780.046552 27931.034483 
2000.000000 0.000000 2975.513215 821.425862 27931.034483 
2000.000000 0.000000 3005.443991 862.805172 27931.034483 
2000.000000 0.000000 3162.892869 904.184483 27931.034483 
2000.000000 0.000000 3178.723349 945.563793 27931.034483 
2000.000000 0.000000 3196.150347 986.943103 27931.034483 
2000.000000 0.000000 3196.031903 1028.322414 27931.034483 
2000.000000 0.000000 3267.053381 1069.701724 27931.034483 
2000.000000 0.000000 3344.447182 1111.081034 27931.034483 
2000.000000 0.000000 3339.636932 1152.460345 27931.034483 
2000.000000 0.000000 3334.528699 1193.839655 27931.034483 
2000.000000 0.000000 3329.168798 1235.218966 27931.034483 
2000.000000 0.000000 3323.598761 1276.598276 27931.034483 
2000.000000 0.000000 3317.854422 1317.977586 27931.034483 
2000.000000 0.000000 3311.965301 1359.356897 27931.034483 
2000.000000 0.000000 3305.954212 1400.736207 27931.034483 
2000.000000 0.000000 3300.122329 1442.115517 27931.034483 
2000.000000 0.000000 3294.410237 1483.494828 27931.034483 
2000.000000 0.000000 3187.871985 1524.874138 27931.034483 
2000.000000 0.000000 3083.915419 1566.253448 27931.034483 
2000.000000 0.000000 3000.528899 1607.632759 27931.034483 
2000.000000 0.000000 2935.900500 1649.012069 27931.034483 
2000.000000 0.000000 2886.217325 1690.391379 27931.034483 
2000.000000 0.000000 2834.504340 1731.770690 27931.034483 
2000.000000 0.000000 2771.811243 1773.150000 27931.034483 
2000.000000 0.000000 2709.118145 1814.529310 27931.034483 
2000.000000 0.000000 2646.425048 1855.908621 27931.034483 
2000.000000 0.000000 2583.731951 1897.287931 27931.034483 
2000.000000 0.000000 2521.038853 1938.667241 27931.034483 
2000.000000 0.000000 2891.903642 573.150000 29482.758621 
2000.000000 0.000000 2888.453708 614.529310 29482.758621 
2000.000000 0.000000 2883.472408 655.908621 29482.758621 
2000.000000 0.000000 2885.163616 697.287931 29482.758621 
2000.000000 0.000000 2893.916512 738.667241 29482.758621 
2000.000000 0.000000 2887.740512 780.046552 29482.758621 
2000.000000 0.000000 2979.693022 821.425862 29482.758621 
2000.000000 0.000000 3010.957100 862.805172 29482.758621 
2000.000000 0.000000 3174.004758 904.184483 29482.758621 
2000.000000 0.000000 3189.773816 945.563793 29482.758621 
2000.000000 0.000000 3200.473374 986.943103 29482.758621 
2000.000000 0.000000 3200.378282 1028.322414 29482.758621 
2000.000000 0.000000 3359.015210 1069.701724 29482.758621 
2000.000000 0.000000 3354.167279 1111.081034 29482.758621 
2000.000000 0.000000 3348.985920 1152.460345 29482.758621 
2000.000000 0.000000 3343.525537 1193.839655 29482.758621 
2000.000000 0.000000 3337.835900 1235.218966 29482.758621 
2000.000000 0.000000 3331.961077 1276.598276 29482.758621 
2000.000000 0.000000 3325.938621 1317.977586 29482.758621 
2000.000000 0.000000 3319.799069 1359.356897 29482.758621 
2000.000000 0.000000 3313.565701 1400.736207 29482.758621 
2000.000000 0.000000 3307.254451 1442.115517 29482.758621 
2000.000000 0.000000 3301.205166 1483.494828 29482.758621 
2000.000000 0.000000 3230.334268 1524.874138 29482.758621 
2000.000000 0.000000 3128.189603 1566.253448 29482.758621 
2000.000000 0.000000 3044.334830 1607.632759 29482.758621 
2000.000000 0.000000 2977.065094 1649.012069 29482.758621 
2000.000000 0.000000 2917.327144 1690.391379 29482.758621 
2000.000000 0.000000 2870.314895 1731.770690 29482.758621 
2000.000000 0.000000 2814.266516 1773.150000 29482.758621 
2000.000000 0.000000 2758.218138 1814.529310 29482.758621 
2000.000000 0.000000 2702.169760 1855.908621 29482.758621 
2000.000000 0.000000 2646.121382 1897.287931 29482.758621 
2000.000000 0.000000 2590.073004 1938.667241 29482.758621 
2000.000000 0.000000 2896.891932 573.150000 31034.482759 
2000.000000 0.000000 2893.469923 614.529310 31034.482759 
2000.000000 0.000000 2888.762209 655.908621 31034.482759 
2000.000000 0.000000 2894.382794 697.287931 31034.482759 
2000.000000 0.000000 2900.941327 738.667241 31034.482759 
2000.000000 0.000000 2894.687956 780.046552 31034.482759 
2000.000000 0.000000 2983.978517 821.425862 31034.482759 
2000.000000 0.000000 3048.148683 862.805172 31034.482759 
2000.000000 0.000000 3184.695065 904.184483 31034.482759 
2000.000000 0.000000 3200.821504 945.563793 31034.482759 
2000.000000 0.000000 3204.809508 986.943103 31034.482759 
2000.000000 0.000000 3204.765623 1028.322414 31034.482759 
2000.000000 0.000000 3369.339184 1069.701724 31034.482759 
2000.000000 0.000000 3364.079038 1111.081034 31034.482759 
2000.000000 0.000000 3358.505834 1152.460345 31034.482759 
2000.000000 0.000000 3352.675875 1193.839655 31034.482759 
2000.000000 0.000000 3346.640823 1235.218966 31034.482759 
2000.000000 0.000000 3340.446383 1276.598276 31034.482759 
2000.000000 0.000000 3334.131319 1317.977586 31034.482759 
2000.000000 0.000000 3327.726900 1359.356897 31034.482759 
2000.000000 0.000000 3321.256739 1400.736207 31034.482759 
2000.000000 0.000000 3314.736831 1442.115517 31034.482759 
2000.000000 0.000000 3308.175657 1483.494828 31034.482759 
2000.000000 0.000000 3261.088285 1524.874138 31034.482759 
2000.000000 0.000000 3172.143542 1566.253448 31034.482759 
2000.000000 0.000000 3087.797449 1607.632759 31034.482759 
2000.000000 0.000000 3009.110544 1649.012069 31034.482759 
2000.000000 0.000000 2960.615131 1690.391379 31034.482759 
2000.000000 0.000000 2903.513930 1731.770690 31034.482759 
2000.000000 0.000000 2853.022283 1773.150000 31034.482759 
2000.000000 0.000000 2802.530635 1814.529310 31034.482759 
2000.000000 0.000000 2752.038988 1855.908621 31034.482759 
2000.000000 0.000000 2701.547340 1897.287931 31034.482759 
2000.000000 0.000000 2651.055693 1938.667241 31034.482759 
2000.000000 0.000000 2901.840806 573.150000 32586.206897 
2000.000000 0.000000 2898.446457 614.529310 32586.206897 
2000.000000 0.000000 2897.412616 655.908621 32586.206897 
2000.000000 0.000000 2905.208991 697.287931 32586.206897 
2000.000000 0.000000 2907.978118 738.667241 32586.206897 
2000.000000 0.000000 2901.649125 780.046552 32586.206897 
2000.000000 0.000000 2988.334411 821.425862 32586.206897 
2000.000000 0.000000 3097.511710 862.805172 32586.206897 
2000.000000 0.000000 3195.271328 904.184483 32586.206897 
2000.000000 0.000000 3210.643341 945.563793 32586.206897 
2000.000000 0.000000 3209.157213 986.943103 32586.206897 
2000.000000 0.000000 3209.193034 1028.322414 32586.206897 
2000.000000 0.000000 3376.790172 1069.701724 32586.206897 
2000.000000 0.000000 3372.012087 1111.081034 32586.206897 
2000.000000 0.000000 3367.193049 1152.460345 32586.206897 
2000.000000 0.000000 3361.780732 1193.839655 32586.206897 
2000.000000 0.000000 3355.424647 1235.218966 32586.206897 
2000.000000 0.000000 3348.928841 1276.598276 32586.206897 
2000.000000 0.000000 3342.334023 1317.977586 32586.206897 
2000.000000 0.000000 3335.672878 1359.356897 32586.206897 
2000.000000 0.000000 3328.969970 1400.736207 32586.206897 
2000.000000 0.000000 3322.241908 1442.115517 32586.206897 
2000.000000 0.000000 3315.497644 1483.494828 32586.206897 
2000.000000 0.000000 3283.556571 1524.874138 32586.206897 
2000.000000 0.000000 3211.610587 1566.253448 32586.206897 
2000.000000 0.000000 3129.963032 1607.632759 32586.206897 
2000.000000 0.000000 3052.866460 1649.012069 32586.206897 
2000.000000 0.000000 2991.656077 1690.391379 32586.206897 
2000.000000 0.000000 2945.296018 1731.770690 32586.206897 
2000.000000 0.000000 2888.510597 1773.150000 32586.206897 
2000.000000 0.000000 2831.725175 1814.529310 32586.206897 
2000.000000 0.000000 2774.939754 1855.908621 32586.206897 
2000.000000 0.000000 2718.154333 1897.287931 32586.206897 
2000.000000 0.000000 2661.368912 1938.667241 32586.206897 
2000.000000 0.000000 2906.751000 573.150000 34137.931034 
2000.000000 0.000000 2903.384016 614.529310 34137.931034 
2000.000000 0.000000 2906.973788 655.908621 34137.931034 
2000.000000 0.000000 2919.129210 697.287931 34137.931034 
2000.000000 0.000000 2915.053254 738.667241 34137.931034 
2000.000000 0.000000 2908.639669 780.046552 34137.931034 
2000.000000 0.000000 2902.533879 821.425862 34137.931034 
2000.000000 0.000000 3172.743968 862.805172 34137.931034 
2000.000000 0.000000 3205.943299 904.184483 34137.931034 
2000.000000 0.000000 3214.999240 945.563793 34137.931034 
2000.000000 0.000000 3213.515766 986.943103 34137.931034 
2000.000000 0.000000 3213.661256 1028.322414 34137.931034 
2000.000000 0.000000 3380.847874 1069.701724 34137.931034 
2000.000000 0.000000 3376.101719 1111.081034 34137.931034 
2000.000000 0.000000 3371.316065 1152.460345 34137.931034 
2000.000000 0.000000 3366.489892 1193.839655 34137.931034 
2000.000000 0.000000 3361.621986 1235.218966 34137.931034 
2000.000000 0.000000 3356.710933 1276.598276 34137.931034 
2000.000000 0.000000 3350.424559 1317.977586 34137.931034 
2000.000000 0.000000 3343.538164 1359.356897 34137.931034 
2000.000000 0.000000 3336.626639 1400.736207 34137.931034 
2000.000000 0.000000 3329.708055 1442.115517 34137.931034 
2000.000000 0.000000 3322.792601 1483.494828 34137.931034 
2000.000000 0.000000 3300.419394 1524.874138 34137.931034 
2000.000000 0.000000 3241.556857 1566.253448 34137.931034 
2000.000000 0.000000 3168.617113 1607.632759 34137.931034 
2000.000000 0.000000 3094.959283 1649.012069 34137.931034 
2000.000000 0.000000 3022.084743 1690.391379 34137.931034 
2000.000000 0.000000 2976.619184 1731.770690 34137.931034 
2000.000000 0.000000 2929.750100 1773.150000 34137.931034 
2000.000000 0.000000 2882.881016 1814.529310 34137.931034 
2000.000000 0.000000 2836.011932 1855.908621 34137.931034 
2000.000000 0.000000 2789.142847 1897.287931 34137.931034 
2000.000000 0.000000 2742.273763 1938.667241 34137.931034 
2000.000000 0.000000 2911.623235 573.150000 35689.655172 
2000.000000 0.000000 2908.283285 614.529310 35689.655172 
2000.000000 0.000000 2920.456152 655.908621 35689.655172 
2000.000000 0.000000 2929.431930 697.287931 35689.655172 
2000.000000 0.000000 2922.179049 738.667241 35689.655172 
2000.000000 0.000000 2915.677673 780.046552 35689.655172 
2000.000000 0.000000 2909.694860 821.425862 35689.655172 
2000.000000 0.000000 3200.772197 862.805172 35689.655172 
2000.000000 0.000000 3216.873775 904.184483 35689.655172 
2000.000000 0.000000 3219.349511 945.563793 35689.655172 
2000.000000 0.000000 3217.885310 986.943103 35689.655172 
2000.000000 0.000000 3256.700016 1028.322414 35689.655172 
2000.000000 0.000000 3384.873380 1069.701724 35689.655172 
2000.000000 0.000000 3380.157520 1111.081034 35689.655172 
2000.000000 0.000000 3375.403497 1152.460345 35689.655172 
2000.000000 0.000000 3370.610368 1193.839655 35689.655172 
2000.000000 0.000000 3365.777011 1235.218966 35689.655172 
2000.000000 0.000000 3360.902127 1276.598276 35689.655172 
2000.000000 0.000000 3355.984218 1317.977586 35689.655172 
2000.000000 0.000000 3351.021567 1359.356897 35689.655172 
2000.000000 0.000000 3344.140769 1400.736207 35689.655172 
2000.000000 0.000000 3337.064085 1442.115517 35689.655172 
2000.000000 0.000000 3330.002792 1483.494828 35689.655172 
2000.000000 0.000000 3313.486752 1524.874138 35689.655172 
2000.000000 0.000000 3264.580123 1566.253448 35689.655172 
2000.000000 0.000000 3204.116479 1607.632759 35689.655172 
2000.000000 0.000000 3134.711171 1649.012069 35689.655172 
2000.000000 0.000000 3063.692876 1690.391379 35689.655172 
2000.000000 0.000000 3006.738206 1731.770690 35689.655172 
2000.000000 0.000000 2961.784787 1773.150000 35689.655172 
2000.000000 0.000000 2916.831369 1814.529310 35689.655172 
2000.000000 0.000000 2871.877951 1855.908621 35689.655172 
2000.000000 0.000000 2826.924533 1897.287931 35689.655172 
2000.000000 0.000000 2781.971114 1938.667241 35689.655172 
2000.000000 0.000000 2916.458223 573.150000 37241.379310 
2000.000000 0.000000 2925.630036 614.529310 37241.379310 
2000.000000 0.000000 2937.284988 655.908621 37241.379310 
2000.000000 0.000000 2936.358181 697.287931 37241.379310 
2000.000000 0.000000 2929.363936 738.667241 37241.379310 
2000.000000 0.000000 2922.790433 780.046552 37241.379310 
2000.000000 0.000000 2917.029450 821.425862 37241.379310 
2000.000000 0.000000 3211.485443 862.805172 37241.379310 
2000.000000 0.000000 3225.397839 904.184483 37241.379310 
2000.000000 0.000000 3223.692028 945.563793 37241.379310 
2000.000000 0.000000 3222.266981 986.943103 37241.379310 
2000.000000 0.000000 3393.519746 1028.322414 37241.379310 
2000.000000 0.000000 3388.868910 1069.701724 37241.379310 
2000.000000 0.000000 3384.181892 1111.081034 37241.379310 
2000.000000 0.000000 3379.457953 1152.460345 37241.379310 
2000.000000 0.000000 3374.696209 1193.839655 37241.379310 
2000.000000 0.000000 3369.895616 1235.218966 37241.379310 
2000.000000 0.000000 3365.054971 1276.598276 37241.379310 
2000.000000 0.000000 3360.172899 1317.977586 37241.379310 
2000.000000 0.000000 3355.247824 1359.356897 37241.379310 
2000.000000 0.000000 3350.277952 1400.736207 37241.379310 
2000.000000 0.000000 3344.241198 1442.115517 37241.379310 
2000.000000 0.000000 3337.068860 1483.494828 37241.379310 
2000.000000 0.000000 3323.940529 1524.874138 37241.379310 
2000.000000 0.000000 3282.693076 1566.253448 37241.379310 
2000.000000 0.000000 3232.453004 1607.632759 37241.379310 
2000.000000 0.000000 3170.699212 1649.012069 37241.379310 
2000.000000 0.000000 3103.849561 1690.391379 37241.379310 
2000.000000 0.000000 3035.857295 1731.770690 37241.379310 
2000.000000 0.000000 2992.085285 1773.150000 37241.379310 
2000.000000 0.000000 2948.313275 1814.529310 37241.379310 
2000.000000 0.000000 2904.541265 1855.908621 37241.379310 
2000.000000 0.000000 2860.769254 1897.287931 37241.379310 
2000.000000 0.000000 2816.997244 1938.667241 37241.379310 
2000.000000 0.000000 2921.256662 573.150000 38793.103448 
2000.000000 0.000000 2946.739315 614.529310 38793.103448 
2000.000000 0.000000 2951.492555 655.908621 38793.103448 
2000.000000 0.000000 2943.751977 697.287931 38793.103448 
2000.000000 0.000000 2936.620359 738.667241 38793.103448 
2000.000000 0.000000 2930.025716 780.046552 38793.103448 
2000.000000 0.000000 2942.341974 821.425862 38793.103448 
2000.000000 0.000000 3222.436315 862.805172 38793.103448 
2000.000000 0.000000 3229.845032 904.184483 38793.103448 
2000.000000 0.000000 3228.025786 945.563793 38793.103448 
2000.000000 0.000000 3226.662914 986.943103 38793.103448 
2000.000000 0.000000 3397.460781 1028.322414 38793.103448 
2000.000000 0.000000 3392.836366 1069.701724 38793.103448 
2000.000000 0.000000 3388.176893 1111.081034 38793.103448 
2000.000000 0.000000 3383.481658 1152.460345 38793.103448 
2000.000000 0.000000 3378.749825 1193.839655 38793.103448 
2000.000000 0.000000 3373.980414 1235.218966 38793.103448 
2000.000000 0.000000 3369.172308 1276.598276 38793.103448 
2000.000000 0.000000 3364.324229 1317.977586 38793.103448 
2000.000000 0.000000 3359.434728 1359.356897 38793.103448 
2000.000000 0.000000 3354.502158 1400.736207 38793.103448 
2000.000000 0.000000 3349.524644 1442.115517 38793.103448 
2000.000000 0.000000 3343.938485 1483.494828 38793.103448 
2000.000000 0.000000 3332.560651 1524.874138 38793.103448 
2000.000000 0.000000 3297.312981 1566.253448 38793.103448 
2000.000000 0.000000 3255.010907 1607.632759 38793.103448 
2000.000000 0.000000 3202.749758 1649.012069 38793.103448 
2000.000000 0.000000 3141.156613 1690.391379 38793.103448 
2000.000000 0.000000 3075.203357 1731.770690 38793.103448 
2000.000000 0.000000 3020.949048 1773.150000 38793.103448 
2000.000000 0.000000 2966.694738 1814.529310 38793.103448 
2000.000000 0.000000 2912.440429 1855.908621 38793.103448 
2000.000000 0.000000 2858.186120 1897.287931 38793.103448 
2000.000000 0.000000 2803.931811 1938.667241 38793.103448 
2000.000000 0.000000 2981.161693 573.150000 40344.827586 
2000.000000 0.000000 2969.528979 614.529310 40344.827586 
2000.000000 0.000000 2959.428557 655.908621 40344.827586 
2000.000000 0.000000 2951.256751 697.287931 40344.827586 
2000.000000 0.000000 2943.978299 738.667241 40344.827586 
2000.000000 0.000000 2939.596941 780.046552 40344.827586 
2000.000000 0.000000 2984.867009 821.425862 40344.827586 
2000.000000 0.000000 2982.260211 862.805172 40344.827586 
2000.000000 0.000000 3234.255874 904.184483 40344.827586 
2000.000000 0.000000 3232.350929 945.563793 40344.827586 
2000.000000 0.000000 3231.076383 986.943103 40344.827586 
2000.000000 0.000000 3401.376485 1028.322414 40344.827586 
2000.000000 0.000000 3396.777390 1069.701724 40344.827586 
2000.000000 0.000000 3392.144299 1111.081034 40344.827586 
2000.000000 0.000000 3387.476531 1152.460345 40344.827586 
2000.000000 0.000000 3382.773288 1193.839655 40344.827586 
2000.000000 0.000000 3378.033650 1235.218966 40344.827586 
2000.000000 0.000000 3373.256565 1276.598276 40344.827586 
2000.000000 0.000000 3368.440848 1317.977586 40344.827586 
2000.000000 0.000000 3363.585153 1359.356897 40344.827586 
2000.000000 0.000000 3358.687959 1400.736207 40344.827586 
2000.000000 0.000000 3353.747545 1442.115517 40344.827586 
2000.000000 0.000000 3348.761950 1483.494828 40344.827586 
2000.000000 0.000000 3339.877011 1524.874138 40344.827586 
2000.000000 0.000000 3309.414832 1566.253448 40344.827586 
2000.000000 0.000000 3273.329040 1607.632759 40344.827586 
2000.000000 0.000000 3229.240106 1649.012069 40344.827586 
2000.000000 0.000000 3174.709206 1690.391379 40344.827586 
2000.000000 0.000000 3113.214425 1731.770690 40344.827586 
2000.000000 0.000000 3048.573236 1773.150000 40344.827586 
2000.000000 0.000000 2983.932047 1814.529310 40344.827586 
2000.000000 0.000000 2919.290858 1855.908621 40344.827586 
2000.000000 0.000000 2854.649669 1897.287931 40344.827586 
2000.000000 0.000000 2790.008480 1938.667241 40344.827586 
2000.000000 0.000000 2997.130238 573.150000 41896.551724 
2000.000000 0.000000 2979.191363 614.529310 41896.551724 
2000.000000 0.000000 2967.827816 655.908621 41896.551724 
2000.000000 0.000000 2959.071915 697.287931 41896.551724 
2000.000000 0.000000 2951.504088 738.667241 41896.551724 
2000.000000 0.000000 2975.834764 780.046552 41896.551724 
2000.000000 0.000000 3003.803316 821.425862 41896.551724 
2000.000000 0.000000 2991.949721 862.805172 41896.551724 
2000.000000 0.000000 3238.629852 904.184483 41896.551724 
2000.000000 0.000000 3236.668717 945.563793 41896.551724 
2000.000000 0.000000 3293.425670 986.943103 41896.551724 
2000.000000 0.000000 3405.268181 1028.322414 41896.551724 
2000.000000 0.000000 3400.693412 1069.701724 41896.551724 
2000.000000 0.000000 3396.085649 1111.081034 41896.551724 
2000.000000 0.000000 3391.444232 1152.460345 41896.551724 
2000.000000 0.000000 3386.768394 1193.839655 41896.551724 
2000.000000 0.000000 3382.057261 1235.218966 41896.551724 
2000.000000 0.000000 3377.309844 1276.598276 41896.551724 
2000.000000 0.000000 3372.525029 1317.977586 41896.551724 
2000.000000 0.000000 3367.701566 1359.356897 41896.551724 
2000.000000 0.000000 3362.838043 1400.736207 41896.551724 
2000.000000 0.000000 3357.932865 1442.115517 41896.551724 
2000.000000 0.000000 3352.984234 1483.494828 41896.551724 
2000.000000 0.000000 3344.622307 1524.874138 41896.551724 
2000.000000 0.000000 3319.673808 1566.253448 41896.551724 
2000.000000 0.000000 3288.521727 1607.632759 41896.551724 
2000.000000 0.000000 3250.901515 1649.012069 41896.551724 
2000.000000 0.000000 3204.462049 1690.391379 41896.551724 
2000.000000 0.000000 3148.203202 1731.770690 41896.551724 
2000.000000 0.000000 3086.268011 1773.150000 41896.551724 
2000.000000 0.000000 3024.332820 1814.529310 41896.551724 
2000.000000 0.000000 2962.397628 1855.908621 41896.551724 
2000.000000 0.000000 2900.462437 1897.287931 41896.551724 
2000.000000 0.000000 2838.527246 1938.667241 41896.551724 
2000.000000 0.000000 3003.765670 573.150000 43448.275862 
2000.000000 0.000000 2989.857278 614.529310 43448.275862 
2000.000000 0.000000 2976.792927 655.908621 43448.275862 
2000.000000 0.000000 2967.259456 697.287931 43448.275862 
2000.000000 0.000000 2980.956917 738.667241 43448.275862 
2000.000000 0.000000 3026.161117 780.046552 43448.275862 
2000.000000 0.000000 3013.541467 821.425862 43448.275862 
2000.000000 0.000000 3001.389496 862.805172 43448.275862 
2000.000000 0.000000 2989.524040 904.184483 43448.275862 
2000.000000 0.000000 3240.981556 945.563793 43448.275862 
2000.000000 0.000000 3413.656883 986.943103 43448.275862 
2000.000000 0.000000 3409.137034 1028.322414 43448.275862 
2000.000000 0.000000 3404.585684 1069.701724 43448.275862 
2000.000000 0.000000 3400.002291 1111.081034 43448.275862 
2000.000000 0.000000 3395.386212 1152.460345 43448.275862 
2000.000000 0.000000 3390.736704 1193.839655 43448.275862 
2000.000000 0.000000 3386.052933 1235.218966 43448.275862 
2000.000000 0.000000 3381.333962 1276.598276 43448.275862 
2000.000000 0.000000 3376.578742 1317.977586 43448.275862 
2000.000000 0.000000 3371.786101 1359.356897 43448.275862 
2000.000000 0.000000 3366.954722 1400.736207 43448.275862 
2000.000000 0.000000 3362.083128 1442.115517 43448.275862 
2000.000000 0.000000 3357.169653 1483.494828 43448.275862 
2000.000000 0.000000 3348.416109 1524.874138 43448.275862 
2000.000000 0.000000 3327.357421 1566.253448 43448.275862 
2000.000000 0.000000 3301.385683 1607.632759 43448.275862 
2000.000000 0.000000 3268.916673 1649.012069 43448.275862 
2000.000000 0.000000 3229.168502 1690.391379 43448.275862 
2000.000000 0.000000 3179.991710 1731.770690 43448.275862 
2000.000000 0.000000 3122.148405 1773.150000 43448.275862 
2000.000000 0.000000 3064.305099 1814.529310 43448.275862 
2000.000000 0.000000 3006.461793 1855.908621 43448.275862 
2000.000000 0.000000 2948.618488 1897.287931 43448.275862 
2000.000000 0.000000 2890.775182 1938.667241 43448.275862 
2000.000000 0.000000 3006.853229 573.150000 45000.000000 
2000.000000 0.000000 2999.521860 614.529310 45000.000000 
2000.000000 0.000000 2986.405064 655.908621 45000.000000 
2000.000000 0.000000 2998.618621 697.287931 45000.000000 
2000.000000 0.000000 3045.641396 738.667241 45000.000000 
2000.000000 0.000000 3036.445896 780.046552 45000.000000 
2000.000000 0.000000 3023.348486 821.425862 45000.000000 
2000.000000 0.000000 3010.891009 862.805172 45000.000000 
2000.000000 0.000000 2998.831740 904.184483 45000.000000 
2000.000000 0.000000 3245.292995 945.563793 45000.000000 
2000.000000 0.000000 3417.482235 986.943103 45000.000000 
2000.000000 0.000000 3412.984067 1028.322414 45000.000000 
2000.000000 0.000000 3408.455309 1069.701724 45000.000000 
2000.000000 0.000000 3403.895413 1111.081034 45000.000000 
2000.000000 0.000000 3399.303747 1152.460345 45000.000000 
2000.000000 0.000000 3394.679591 1193.839655 45000.000000 
2000.000000 0.000000 3390.022144 1235.218966 45000.000000 
2000.000000 0.000000 3385.330513 1276.598276 45000.000000 
2000.000000 0.000000 3380.603704 1317.977586 45000.000000 
2000.000000 0.000000 3375.840615 1359.356897 45000.000000 
2000.000000 0.000000 3371.040013 1400.736207 45000.000000 
2000.000000 0.000000 3366.200520 1442.115517 45000.000000 
2000.000000 0.000000 3361.320588 1483.494828 45000.000000 
2000.000000 0.000000 3351.909496 1524.874138 45000.000000 
2000.000000 0.000000 3333.803072 1566.253448 45000.000000 
2000.000000 0.000000 3311.767953 1607.632759 45000.000000 
2000.000000 0.000000 3284.166395 1649.012069 45000.000000 
2000.000000 0.000000 3249.815498 1690.391379 45000.000000 
2000.000000 0.000000 3207.434113 1731.770690 45000.000000 
2000.000000 0.000000 3155.366084 1773.150000 45000.000000 
2000.000000 0.000000 3103.298056 1814.529310 45000.000000 
2000.000000 0.000000 3051.230027 1855.908621 45000.000000 
2000.000000 0.000000 2999.161999 1897.287931 45000.000000 
2000.000000 0.000000 2947.093970 1938.667241 45000.000000 
