5
















































573.150000
41.379310
34
0.000000
1551.724138
30
2000.000000 0.000000 2779.211672 573.150000 0.000000 
2000.000000 0.000000 2775.365265 614.529310 0.000000 
2000.000000 0.000000 2733.441095 655.908621 0.000000 
2000.000000 0.000000 2698.784977 697.287931 0.000000 
2000.000000 0.000000 2693.156056 738.667241 0.000000 
2000.000000 0.000000 2687.933199 780.046552 0.000000 
2000.000000 0.000000 2681.916589 821.425862 0.000000 
2000.000000 0.000000 2671.342536 862.805172 0.000000 
2000.000000 0.000000 2668.997749 904.184483 0.000000 
2000.000000 0.000000 2666.813762 945.563793 0.000000 
2000.000000 0.000000 2664.524795 986.943103 0.000000 
2000.000000 0.000000 2496.412489 1028.322414 0.000000 
2000.000000 0.000000 2468.845855 1069.701724 0.000000 
2000.000000 0.000000 2441.106050 1111.081034 0.000000 
2000.000000 0.000000 2417.267313 1152.460345 0.000000 
2000.000000 0.000000 2397.255510 1193.839655 0.000000 
2000.000000 0.000000 2379.353226 1235.218966 0.000000 
2000.000000 0.000000 2369.072460 1276.598276 0.000000 
2000.000000 0.000000 2359.542615 1317.977586 0.000000 
2000.000000 0.000000 2353.053203 1359.356897 0.000000 
2000.000000 0.000000 2346.249606 1400.736207 0.000000 
2000.000000 0.000000 2339.144475 1442.115517 0.000000 
2000.000000 0.000000 2331.747347 1483.494828 0.000000 
2000.000000 0.000000 2324.065008 1524.874138 0.000000 
2000.000000 0.000000 2316.102472 1566.253448 0.000000 
2000.000000 0.000000 2307.863077 1607.632759 0.000000 
2000.000000 0.000000 2299.348636 1649.012069 0.000000 
2000.000000 0.000000 2290.560160 1690.391379 0.000000 
2000.000000 0.000000 2281.497760 1731.770690 0.000000 
2000.000000 0.000000 2272.160917 1773.150000 0.000000 
2000.000000 0.000000 2262.824074 1814.529310 0.000000 
2000.000000 0.000000 2253.487231 1855.908621 0.000000 
2000.000000 0.000000 2244.150387 1897.287931 0.000000 
2000.000000 0.000000 2234.813544 1938.667241 0.000000 
2000.000000 0.000000 2787.635994 573.150000 1551.724138 
2000.000000 0.000000 2783.830539 614.529310 1551.724138 
2000.000000 0.000000 2780.208534 655.908621 1551.724138 
2000.000000 0.000000 2737.788445 697.287931 1551.724138 
2000.000000 0.000000 2702.415430 738.667241 1551.724138 
2000.000000 0.000000 2697.460136 780.046552 1551.724138 
2000.000000 0.000000 2692.144852 821.425862 1551.724138 
2000.000000 0.000000 2685.916384 862.805172 1551.724138 
2000.000000 0.000000 2675.814393 904.184483 1551.724138 
2000.000000 0.000000 2642.351323 945.563793 1551.724138 
2000.000000 0.000000 2578.552142 986.943103 1551.724138 
2000.000000 0.000000 2427.517579 1028.322414 1551.724138 
2000.000000 0.000000 2411.526105 1069.701724 1551.724138 
2000.000000 0.000000 2397.877653 1111.081034 1551.724138 
2000.000000 0.000000 2384.643504 1152.460345 1551.724138 
2000.000000 0.000000 2372.094476 1193.839655 1551.724138 
2000.000000 0.000000 2361.117444 1235.218966 1551.724138 
2000.000000 0.000000 2350.914442 1276.598276 1551.724138 
2000.000000 0.000000 2340.603031 1317.977586 1551.724138 
2000.000000 0.000000 2331.970810 1359.356897 1551.724138 
2000.000000 0.000000 2324.200562 1400.736207 1551.724138 
2000.000000 0.000000 2316.361849 1442.115517 1551.724138 
2000.000000 0.000000 2308.457668 1483.494828 1551.724138 
2000.000000 0.000000 2300.490366 1524.874138 1551.724138 
2000.000000 0.000000 2292.461809 1566.253448 1551.724138 
2000.000000 0.000000 2284.373401 1607.632759 1551.724138 
2000.000000 0.000000 2276.226235 1649.012069 1551.724138 
2000.000000 0.000000 2268.021048 1690.391379 1551.724138 
2000.000000 0.000000 2259.758411 1731.770690 1551.724138 
2000.000000 0.000000 2251.438660 1773.150000 1551.724138 
2000.000000 0.000000 2243.118909 1814.529310 1551.724138 
2000.000000 0.000000 2234.799157 1855.908621 1551.724138 
2000.000000 0.000000 2226.479406 1897.287931 1551.724138 
2000.000000 0.000000 2218.159655 1938.667241 1551.724138 
2000.000000 0.000000 2795.924900 573.150000 3103.448276 
2000.000000 0.000000 2792.167963 614.529310 3103.448276 
2000.000000 0.000000 2788.624059 655.908621 3103.448276 
2000.000000 0.000000 2785.310729 697.287931 3103.448276 
2000.000000 0.000000 2739.941166 738.667241 3103.448276 
2000.000000 0.000000 2706.626507 780.046552 3103.448276 
2000.000000 0.000000 2701.760624 821.425862 3103.448276 
2000.000000 0.000000 2696.372202 862.805172 3103.448276 
2000.000000 0.000000 2689.858443 904.184483 3103.448276 
2000.000000 0.000000 2620.116111 945.563793 3103.448276 
2000.000000 0.000000 2505.360448 986.943103 3103.448276 
2000.000000 0.000000 2476.413520 1028.322414 3103.448276 
2000.000000 0.000000 2434.877364 1069.701724 3103.448276 
2000.000000 0.000000 2420.572099 1111.081034 3103.448276 
2000.000000 0.000000 2407.082030 1152.460345 3103.448276 
2000.000000 0.000000 2394.472853 1193.839655 3103.448276 
2000.000000 0.000000 2383.473913 1235.218966 3103.448276 
2000.000000 0.000000 2373.584674 1276.598276 3103.448276 
2000.000000 0.000000 2363.659435 1317.977586 3103.448276 
2000.000000 0.000000 2353.486970 1359.356897 3103.448276 
2000.000000 0.000000 2345.795507 1400.736207 3103.448276 
2000.000000 0.000000 2338.039364 1442.115517 3103.448276 
2000.000000 0.000000 2330.220871 1483.494828 3103.448276 
2000.000000 0.000000 2322.341889 1524.874138 3103.448276 
2000.000000 0.000000 2314.403865 1566.253448 3103.448276 
2000.000000 0.000000 2306.407906 1607.632759 3103.448276 
2000.000000 0.000000 2298.354827 1649.012069 3103.448276 
2000.000000 0.000000 2290.245213 1690.391379 3103.448276 
2000.000000 0.000000 2282.079460 1731.770690 3103.448276 
2000.000000 0.000000 2273.857771 1773.150000 3103.448276 
2000.000000 0.000000 2265.636082 1814.529310 3103.448276 
2000.000000 0.000000 2257.414393 1855.908621 3103.448276 
2000.000000 0.000000 2249.192703 1897.287931 3103.448276 
2000.000000 0.000000 2240.971014 1938.667241 3103.448276 
2000.000000 0.000000 2804.084669 573.150000 4655.172414 
2000.000000 0.000000 2800.355578 614.529310 4655.172414 
2000.000000 0.000000 2796.885568 655.908621 4655.172414 
2000.000000 0.000000 2793.688659 697.287931 4655.172414 
2000.000000 0.000000 2790.820247 738.667241 4655.172414 
2000.000000 0.000000 2739.638221 780.046552 4655.172414 
2000.000000 0.000000 2710.877567 821.425862 4655.172414 
2000.000000 0.000000 2706.033955 862.805172 4655.172414 
2000.000000 0.000000 2700.691714 904.184483 4655.172414 
2000.000000 0.000000 2595.658519 945.563793 4655.172414 
2000.000000 0.000000 2529.234282 986.943103 4655.172414 
2000.000000 0.000000 2509.356645 1028.322414 4655.172414 
2000.000000 0.000000 2467.757625 1069.701724 4655.172414 
2000.000000 0.000000 2442.060419 1111.081034 4655.172414 
2000.000000 0.000000 2428.215414 1152.460345 4655.172414 
2000.000000 0.000000 2415.329566 1193.839655 4655.172414 
2000.000000 0.000000 2404.156065 1235.218966 4655.172414 
2000.000000 0.000000 2394.546705 1276.598276 4655.172414 
2000.000000 0.000000 2384.983065 1317.977586 4655.172414 
2000.000000 0.000000 2375.092882 1359.356897 4655.172414 
2000.000000 0.000000 2365.906066 1400.736207 4655.172414 
2000.000000 0.000000 2358.219718 1442.115517 4655.172414 
2000.000000 0.000000 2350.473669 1483.494828 4655.172414 
2000.000000 0.000000 2342.669346 1524.874138 4655.172414 
2000.000000 0.000000 2334.807861 1566.253448 4655.172414 
2000.000000 0.000000 2326.890067 1607.632759 4655.172414 
2000.000000 0.000000 2318.916550 1649.012069 4655.172414 
2000.000000 0.000000 2310.887742 1690.391379 4655.172414 
2000.000000 0.000000 2302.803877 1731.770690 4655.172414 
2000.000000 0.000000 2294.665089 1773.150000 4655.172414 
2000.000000 0.000000 2286.526301 1814.529310 4655.172414 
2000.000000 0.000000 2278.387513 1855.908621 4655.172414 
2000.000000 0.000000 2270.248725 1897.287931 4655.172414 
2000.000000 0.000000 2262.109937 1938.667241 4655.172414 
2000.000000 0.000000 2829.505996 573.150000 6206.896552 
2000.000000 0.000000 2808.401760 614.529310 6206.896552 
2000.000000 0.000000 2804.988171 655.908621 6206.896552 
2000.000000 0.000000 2801.897663 697.287931 6206.896552 
2000.000000 0.000000 2799.208907 738.667241 6206.896552 
2000.000000 0.000000 2801.946964 780.046552 6206.896552 
2000.000000 0.000000 2745.389698 821.425862 6206.896552 
2000.000000 0.000000 2718.409556 862.805172 6206.896552 
2000.000000 0.000000 2710.274339 904.184483 6206.896552 
2000.000000 0.000000 2567.009543 945.563793 6206.896552 
2000.000000 0.000000 2552.123576 986.943103 6206.896552 
2000.000000 0.000000 2533.340033 1028.322414 6206.896552 
2000.000000 0.000000 2510.466697 1069.701724 6206.896552 
2000.000000 0.000000 2472.551113 1111.081034 6206.896552 
2000.000000 0.000000 2448.360474 1152.460345 6206.896552 
2000.000000 0.000000 2435.014886 1193.839655 6206.896552 
2000.000000 0.000000 2423.428495 1235.218966 6206.896552 
2000.000000 0.000000 2414.206359 1276.598276 6206.896552 
2000.000000 0.000000 2404.849843 1317.977586 6206.896552 
2000.000000 0.000000 2395.222706 1359.356897 6206.896552 
2000.000000 0.000000 2385.332048 1400.736207 6206.896552 
2000.000000 0.000000 2377.137391 1442.115517 6206.896552 
2000.000000 0.000000 2369.453671 1483.494828 6206.896552 
2000.000000 0.000000 2361.713561 1524.874138 6206.896552 
2000.000000 0.000000 2353.917892 1566.253448 6206.896552 
2000.000000 0.000000 2346.067281 1607.632759 6206.896552 
2000.000000 0.000000 2338.162153 1649.012069 6206.896552 
2000.000000 0.000000 2330.202779 1690.391379 6206.896552 
2000.000000 0.000000 2322.189297 1731.770690 6206.896552 
2000.000000 0.000000 2314.121729 1773.150000 6206.896552 
2000.000000 0.000000 2306.054161 1814.529310 6206.896552 
2000.000000 0.000000 2297.986594 1855.908621 6206.896552 
2000.000000 0.000000 2289.919026 1897.287931 6206.896552 
2000.000000 0.000000 2281.851458 1938.667241 6206.896552 
2000.000000 0.000000 2856.931582 573.150000 7758.620690 
2000.000000 0.000000 2855.113676 614.529310 7758.620690 
2000.000000 0.000000 2812.941154 655.908621 7758.620690 
2000.000000 0.000000 2809.940142 697.287931 7758.620690 
2000.000000 0.000000 2807.415019 738.667241 7758.620690 
2000.000000 0.000000 2813.262523 780.046552 7758.620690 
2000.000000 0.000000 2807.581805 821.425862 7758.620690 
2000.000000 0.000000 2751.419210 862.805172 7758.620690 
2000.000000 0.000000 2651.731310 904.184483 7758.620690 
2000.000000 0.000000 2586.722606 945.563793 7758.620690 
2000.000000 0.000000 2572.897653 986.943103 7758.620690 
2000.000000 0.000000 2556.325483 1028.322414 7758.620690 
2000.000000 0.000000 2536.570987 1069.701724 7758.620690 
2000.000000 0.000000 2505.003831 1111.081034 7758.620690 
2000.000000 0.000000 2474.160234 1152.460345 7758.620690 
2000.000000 0.000000 2453.829198 1193.839655 7758.620690 
2000.000000 0.000000 2441.496435 1235.218966 7758.620690 
2000.000000 0.000000 2432.671794 1276.598276 7758.620690 
2000.000000 0.000000 2423.471670 1317.977586 7758.620690 
2000.000000 0.000000 2414.073200 1359.356897 7758.620690 
2000.000000 0.000000 2404.439238 1400.736207 7758.620690 
2000.000000 0.000000 2394.971853 1442.115517 7758.620690 
2000.000000 0.000000 2387.342551 1483.494828 7758.620690 
2000.000000 0.000000 2379.658454 1524.874138 7758.620690 
2000.000000 0.000000 2371.920154 1566.253448 7758.620690 
2000.000000 0.000000 2364.128099 1607.632759 7758.620690 
2000.000000 0.000000 2356.282547 1649.012069 7758.620690 
2000.000000 0.000000 2348.383650 1690.391379 7758.620690 
2000.000000 0.000000 2340.431456 1731.770690 7758.620690 
2000.000000 0.000000 2332.425903 1773.150000 7758.620690 
2000.000000 0.000000 2324.420350 1814.529310 7758.620690 
2000.000000 0.000000 2316.414797 1855.908621 7758.620690 
2000.000000 0.000000 2308.409244 1897.287931 7758.620690 
2000.000000 0.000000 2300.403691 1938.667241 7758.620690 
2000.000000 0.000000 2905.291046 573.150000 9310.344828 
2000.000000 0.000000 2918.127469 614.529310 9310.344828 
2000.000000 0.000000 2935.283256 655.908621 9310.344828 
2000.000000 0.000000 2924.989288 697.287931 9310.344828 
2000.000000 0.000000 2860.514966 738.667241 9310.344828 
2000.000000 0.000000 2827.368294 780.046552 9310.344828 
2000.000000 0.000000 2820.154024 821.425862 9310.344828 
2000.000000 0.000000 2785.198136 862.805172 9310.344828 
2000.000000 0.000000 2653.275495 904.184483 9310.344828 
2000.000000 0.000000 2608.488747 945.563793 9310.344828 
2000.000000 0.000000 2592.725930 986.943103 9310.344828 
2000.000000 0.000000 2580.924270 1028.322414 9310.344828 
2000.000000 0.000000 2565.637689 1069.701724 9310.344828 
2000.000000 0.000000 2544.014280 1111.081034 9310.344828 
2000.000000 0.000000 2516.090205 1152.460345 9310.344828 
2000.000000 0.000000 2479.667692 1193.839655 9310.344828 
2000.000000 0.000000 2458.907469 1235.218966 9310.344828 
2000.000000 0.000000 2450.034608 1276.598276 9310.344828 
2000.000000 0.000000 2441.015263 1317.977586 9310.344828 
2000.000000 0.000000 2431.818084 1359.356897 9310.344828 
2000.000000 0.000000 2422.408916 1400.736207 9310.344828 
2000.000000 0.000000 2412.747857 1442.115517 9310.344828 
2000.000000 0.000000 2404.282905 1483.494828 9310.344828 
2000.000000 0.000000 2396.648261 1524.874138 9310.344828 
2000.000000 0.000000 2388.960575 1566.253448 9310.344828 
2000.000000 0.000000 2381.220131 1607.632759 9310.344828 
2000.000000 0.000000 2373.427073 1649.012069 9310.344828 
2000.000000 0.000000 2365.581454 1690.391379 9310.344828 
2000.000000 0.000000 2357.683222 1731.770690 9310.344828 
2000.000000 0.000000 2349.732255 1773.150000 9310.344828 
2000.000000 0.000000 2341.781288 1814.529310 9310.344828 
2000.000000 0.000000 2333.830321 1855.908621 9310.344828 
2000.000000 0.000000 2325.879354 1897.287931 9310.344828 
2000.000000 0.000000 2317.928387 1938.667241 9310.344828 
2000.000000 0.000000 2982.157860 573.150000 10862.068966 
2000.000000 0.000000 2977.687279 614.529310 10862.068966 
2000.000000 0.000000 2966.460561 655.908621 10862.068966 
2000.000000 0.000000 2963.388842 697.287931 10862.068966 
2000.000000 0.000000 2957.696753 738.667241 10862.068966 
2000.000000 0.000000 2901.436552 780.046552 10862.068966 
2000.000000 0.000000 2871.654472 821.425862 10862.068966 
2000.000000 0.000000 2847.367336 862.805172 10862.068966 
2000.000000 0.000000 2695.591737 904.184483 10862.068966 
2000.000000 0.000000 2659.083440 945.563793 10862.068966 
2000.000000 0.000000 2619.371221 986.943103 10862.068966 
2000.000000 0.000000 2606.633411 1028.322414 10862.068966 
2000.000000 0.000000 2594.107427 1069.701724 10862.068966 
2000.000000 0.000000 2574.837592 1111.081034 10862.068966 
2000.000000 0.000000 2551.555499 1152.460345 10862.068966 
2000.000000 0.000000 2526.831310 1193.839655 10862.068966 
2000.000000 0.000000 2499.906809 1235.218966 10862.068966 
2000.000000 0.000000 2466.470910 1276.598276 10862.068966 
2000.000000 0.000000 2457.614554 1317.977586 10862.068966 
2000.000000 0.000000 2448.596694 1359.356897 10862.068966 
2000.000000 0.000000 2439.386381 1400.736207 10862.068966 
2000.000000 0.000000 2429.947294 1442.115517 10862.068966 
2000.000000 0.000000 2420.389158 1483.494828 10862.068966 
2000.000000 0.000000 2412.798629 1524.874138 10862.068966 
2000.000000 0.000000 2405.156037 1566.253448 10862.068966 
2000.000000 0.000000 2397.461538 1607.632759 10862.068966 
2000.000000 0.000000 2389.715183 1649.012069 10862.068966 
2000.000000 0.000000 2381.916937 1690.391379 10862.068966 
2000.000000 0.000000 2374.066683 1731.770690 10862.068966 
2000.000000 0.000000 2366.164232 1773.150000 10862.068966 
2000.000000 0.000000 2358.261781 1814.529310 10862.068966 
2000.000000 0.000000 2350.359330 1855.908621 10862.068966 
2000.000000 0.000000 2342.456879 1897.287931 10862.068966 
2000.000000 0.000000 2334.554428 1938.667241 10862.068966 
2000.000000 0.000000 2977.127465 573.150000 12413.793103 
2000.000000 0.000000 2984.978921 614.529310 12413.793103 
2000.000000 0.000000 2975.367616 655.908621 12413.793103 
2000.000000 0.000000 2971.744482 697.287931 12413.793103 
2000.000000 0.000000 2966.533876 738.667241 12413.793103 
2000.000000 0.000000 2960.418145 780.046552 12413.793103 
2000.000000 0.000000 2942.781001 821.425862 12413.793103 
2000.000000 0.000000 2892.727234 862.805172 12413.793103 
2000.000000 0.000000 2769.058101 904.184483 12413.793103 
2000.000000 0.000000 2713.857139 945.563793 12413.793103 
2000.000000 0.000000 2669.063375 986.943103 12413.793103 
2000.000000 0.000000 2633.849816 1028.322414 12413.793103 
2000.000000 0.000000 2621.821675 1069.701724 12413.793103 
2000.000000 0.000000 2606.190270 1111.081034 12413.793103 
2000.000000 0.000000 2578.112947 1152.460345 12413.793103 
2000.000000 0.000000 2555.242447 1193.839655 12413.793103 
2000.000000 0.000000 2530.349955 1235.218966 12413.793103 
2000.000000 0.000000 2505.116566 1276.598276 12413.793103 
2000.000000 0.000000 2473.379055 1317.977586 12413.793103 
2000.000000 0.000000 2464.522703 1359.356897 12413.793103 
2000.000000 0.000000 2455.489958 1400.736207 12413.793103 
2000.000000 0.000000 2446.247861 1442.115517 12413.793103 
2000.000000 0.000000 2436.758727 1483.494828 12413.793103 
2000.000000 0.000000 2428.203958 1524.874138 12413.793103 
2000.000000 0.000000 2420.601899 1566.253448 12413.793103 
2000.000000 0.000000 2412.948656 1607.632759 12413.793103 
2000.000000 0.000000 2405.244202 1649.012069 12413.793103 
2000.000000 0.000000 2397.488433 1690.391379 12413.793103 
2000.000000 0.000000 2389.681174 1731.770690 12413.793103 
2000.000000 0.000000 2381.822196 1773.150000 12413.793103 
2000.000000 0.000000 2373.963218 1814.529310 12413.793103 
2000.000000 0.000000 2366.104240 1855.908621 12413.793103 
2000.000000 0.000000 2358.245262 1897.287931 12413.793103 
2000.000000 0.000000 2350.386284 1938.667241 12413.793103 
2000.000000 0.000000 2990.980548 573.150000 13965.517241 
2000.000000 0.000000 2984.852688 614.529310 13965.517241 
2000.000000 0.000000 2987.785151 655.908621 13965.517241 
2000.000000 0.000000 2978.397732 697.287931 13965.517241 
2000.000000 0.000000 2975.079748 738.667241 13965.517241 
2000.000000 0.000000 2969.579755 780.046552 13965.517241 
2000.000000 0.000000 2965.936020 821.425862 13965.517241 
2000.000000 0.000000 2961.821817 862.805172 13965.517241 
2000.000000 0.000000 2827.004480 904.184483 13965.517241 
2000.000000 0.000000 2785.960044 945.563793 13965.517241 
2000.000000 0.000000 2731.529025 986.943103 13965.517241 
2000.000000 0.000000 2677.001642 1028.322414 13965.517241 
2000.000000 0.000000 2650.469550 1069.701724 13965.517241 
2000.000000 0.000000 2631.979390 1111.081034 13965.517241 
2000.000000 0.000000 2609.519562 1152.460345 13965.517241 
2000.000000 0.000000 2582.423700 1193.839655 13965.517241 
2000.000000 0.000000 2555.475282 1235.218966 13965.517241 
2000.000000 0.000000 2532.588200 1276.598276 13965.517241 
2000.000000 0.000000 2509.245802 1317.977586 13965.517241 
2000.000000 0.000000 2480.533595 1359.356897 13965.517241 
2000.000000 0.000000 2470.817424 1400.736207 13965.517241 
2000.000000 0.000000 2461.751556 1442.115517 13965.517241 
2000.000000 0.000000 2452.458542 1483.494828 13965.517241 
2000.000000 0.000000 2442.942512 1524.874138 13965.517241 
2000.000000 0.000000 2435.377162 1566.253448 13965.517241 
2000.000000 0.000000 2427.761243 1607.632759 13965.517241 
2000.000000 0.000000 2420.094662 1649.012069 13965.517241 
2000.000000 0.000000 2412.377269 1690.391379 13965.517241 
2000.000000 0.000000 2404.608831 1731.770690 13965.517241 
2000.000000 0.000000 2396.789078 1773.150000 13965.517241 
2000.000000 0.000000 2388.969325 1814.529310 13965.517241 
2000.000000 0.000000 2381.149571 1855.908621 13965.517241 
2000.000000 0.000000 2373.329818 1897.287931 13965.517241 
2000.000000 0.000000 2365.510065 1938.667241 13965.517241 
2000.000000 0.000000 3005.335446 573.150000 15517.241379 
2000.000000 0.000000 2993.464338 614.529310 15517.241379 
2000.000000 0.000000 2994.562941 655.908621 15517.241379 
2000.000000 0.000000 2990.537731 697.287931 15517.241379 
2000.000000 0.000000 2981.254171 738.667241 15517.241379 
2000.000000 0.000000 2981.258057 780.046552 15517.241379 
2000.000000 0.000000 2986.797227 821.425862 15517.241379 
2000.000000 0.000000 2984.756942 862.805172 15517.241379 
2000.000000 0.000000 2859.066602 904.184483 15517.241379 
2000.000000 0.000000 2840.889058 945.563793 15517.241379 
2000.000000 0.000000 2805.230429 986.943103 15517.241379 
2000.000000 0.000000 2747.755927 1028.322414 15517.241379 
2000.000000 0.000000 2671.502394 1069.701724 15517.241379 
2000.000000 0.000000 2654.406026 1111.081034 15517.241379 
2000.000000 0.000000 2637.137079 1152.460345 15517.241379 
2000.000000 0.000000 2610.354500 1193.839655 15517.241379 
2000.000000 0.000000 2578.232351 1235.218966 15517.241379 
2000.000000 0.000000 2555.192701 1276.598276 15517.241379 
2000.000000 0.000000 2533.346382 1317.977586 15517.241379 
2000.000000 0.000000 2512.605361 1359.356897 15517.241379 
2000.000000 0.000000 2487.839405 1400.736207 15517.241379 
2000.000000 0.000000 2476.543534 1442.115517 15517.241379 
2000.000000 0.000000 2467.426205 1483.494828 15517.241379 
2000.000000 0.000000 2458.063381 1524.874138 15517.241379 
2000.000000 0.000000 2449.548161 1566.253448 15517.241379 
2000.000000 0.000000 2441.966235 1607.632759 15517.241379 
2000.000000 0.000000 2434.334117 1649.012069 15517.241379 
2000.000000 0.000000 2426.651602 1690.391379 15517.241379 
2000.000000 0.000000 2418.918436 1731.770690 15517.241379 
2000.000000 0.000000 2411.134309 1773.150000 15517.241379 
2000.000000 0.000000 2403.350181 1814.529310 15517.241379 
2000.000000 0.000000 2395.566054 1855.908621 15517.241379 
2000.000000 0.000000 2387.781927 1897.287931 15517.241379 
2000.000000 0.000000 2379.997799 1938.667241 15517.241379 
2000.000000 0.000000 3012.278046 573.150000 17068.965517 
2000.000000 0.000000 3007.074414 614.529310 17068.965517 
2000.000000 0.000000 2994.346976 655.908621 17068.965517 
2000.000000 0.000000 2997.430748 697.287931 17068.965517 
2000.000000 0.000000 2997.461260 738.667241 17068.965517 
2000.000000 0.000000 2992.576372 780.046552 17068.965517 
2000.000000 0.000000 3000.691951 821.425862 17068.965517 
2000.000000 0.000000 3003.770794 862.805172 17068.965517 
2000.000000 0.000000 3008.259095 904.184483 17068.965517 
2000.000000 0.000000 2870.685776 945.563793 17068.965517 
2000.000000 0.000000 2851.970750 986.943103 17068.965517 
2000.000000 0.000000 2828.767550 1028.322414 17068.965517 
2000.000000 0.000000 2760.652403 1069.701724 17068.965517 
2000.000000 0.000000 2674.996310 1111.081034 17068.965517 
2000.000000 0.000000 2658.570379 1152.460345 17068.965517 
2000.000000 0.000000 2635.336830 1193.839655 17068.965517 
2000.000000 0.000000 2606.236335 1235.218966 17068.965517 
2000.000000 0.000000 2575.936162 1276.598276 17068.965517 
2000.000000 0.000000 2554.232409 1317.977586 17068.965517 
2000.000000 0.000000 2533.799712 1359.356897 17068.965517 
2000.000000 0.000000 2514.738345 1400.736207 17068.965517 
2000.000000 0.000000 2494.665449 1442.115517 17068.965517 
2000.000000 0.000000 2481.736742 1483.494828 17068.965517 
2000.000000 0.000000 2472.550061 1524.874138 17068.965517 
2000.000000 0.000000 2463.171218 1566.253448 17068.965517 
2000.000000 0.000000 2455.620441 1607.632759 17068.965517 
2000.000000 0.000000 2448.019859 1649.012069 17068.965517 
2000.000000 0.000000 2440.369242 1690.391379 17068.965517 
2000.000000 0.000000 2432.668307 1731.770690 17068.965517 
2000.000000 0.000000 2424.916713 1773.150000 17068.965517 
2000.000000 0.000000 2417.165120 1814.529310 17068.965517 
2000.000000 0.000000 2409.413527 1855.908621 17068.965517 
2000.000000 0.000000 2401.661933 1897.287931 17068.965517 
2000.000000 0.000000 2393.910340 1938.667241 17068.965517 
2000.000000 0.000000 3018.178688 573.150000 18620.689655 
2000.000000 0.000000 3014.330017 614.529310 18620.689655 
2000.000000 0.000000 3005.435018 655.908621 18620.689655 
2000.000000 0.000000 3004.856873 697.287931 18620.689655 
2000.000000 0.000000 3004.562249 738.667241 18620.689655 
2000.000000 0.000000 2999.747617 780.046552 18620.689655 
2000.000000 0.000000 3015.239987 821.425862 18620.689655 
2000.000000 0.000000 3022.140792 862.805172 18620.689655 
2000.000000 0.000000 3031.391157 904.184483 18620.689655 
2000.000000 0.000000 2895.798083 945.563793 18620.689655 
2000.000000 0.000000 2879.814247 986.943103 18620.689655 
2000.000000 0.000000 2857.297896 1028.322414 18620.689655 
2000.000000 0.000000 2828.565046 1069.701724 18620.689655 
2000.000000 0.000000 2745.639934 1111.081034 18620.689655 
2000.000000 0.000000 2679.069276 1152.460345 18620.689655 
2000.000000 0.000000 2657.557120 1193.839655 18620.689655 
2000.000000 0.000000 2631.715239 1235.218966 18620.689655 
2000.000000 0.000000 2598.523885 1276.598276 18620.689655 
2000.000000 0.000000 2574.351287 1317.977586 18620.689655 
2000.000000 0.000000 2553.463381 1359.356897 18620.689655 
2000.000000 0.000000 2534.180135 1400.736207 18620.689655 
2000.000000 0.000000 2516.288468 1442.115517 18620.689655 
2000.000000 0.000000 2501.061347 1483.494828 18620.689655 
2000.000000 0.000000 2486.426185 1524.874138 18620.689655 
2000.000000 0.000000 2477.152760 1566.253448 18620.689655 
2000.000000 0.000000 2468.772557 1607.632759 18620.689655 
2000.000000 0.000000 2461.200998 1649.012069 18620.689655 
2000.000000 0.000000 2453.579701 1690.391379 18620.689655 
2000.000000 0.000000 2445.908370 1731.770690 18620.689655 
2000.000000 0.000000 2438.186644 1773.150000 18620.689655 
2000.000000 0.000000 2430.464919 1814.529310 18620.689655 
2000.000000 0.000000 2422.743193 1855.908621 18620.689655 
2000.000000 0.000000 2415.021468 1897.287931 18620.689655 
2000.000000 0.000000 2407.299743 1938.667241 18620.689655 
2000.000000 0.000000 3024.825776 573.150000 20172.413793 
2000.000000 0.000000 3022.428065 614.529310 20172.413793 
2000.000000 0.000000 3018.502898 655.908621 20172.413793 
2000.000000 0.000000 3011.442915 697.287931 20172.413793 
2000.000000 0.000000 3011.019533 738.667241 20172.413793 
2000.000000 0.000000 3007.285442 780.046552 20172.413793 
2000.000000 0.000000 3031.773504 821.425862 20172.413793 
2000.000000 0.000000 3043.003331 862.805172 20172.413793 
2000.000000 0.000000 3049.262918 904.184483 20172.413793 
2000.000000 0.000000 3052.728311 945.563793 20172.413793 
2000.000000 0.000000 2899.672452 986.943103 20172.413793 
2000.000000 0.000000 2879.375517 1028.322414 20172.413793 
2000.000000 0.000000 2854.803107 1069.701724 20172.413793 
2000.000000 0.000000 2823.225377 1111.081034 20172.413793 
2000.000000 0.000000 2718.425638 1152.460345 20172.413793 
2000.000000 0.000000 2679.898732 1193.839655 20172.413793 
2000.000000 0.000000 2654.933389 1235.218966 20172.413793 
2000.000000 0.000000 2625.411173 1276.598276 20172.413793 
2000.000000 0.000000 2596.053684 1317.977586 20172.413793 
2000.000000 0.000000 2572.124385 1359.356897 20172.413793 
2000.000000 0.000000 2552.668453 1400.736207 20172.413793 
2000.000000 0.000000 2534.545608 1442.115517 20172.413793 
2000.000000 0.000000 2518.933576 1483.494828 20172.413793 
2000.000000 0.000000 2505.009359 1524.874138 20172.413793 
2000.000000 0.000000 2490.635933 1566.253448 20172.413793 
2000.000000 0.000000 2481.464705 1607.632759 20172.413793 
2000.000000 0.000000 2473.919978 1649.012069 20172.413793 
2000.000000 0.000000 2466.325769 1690.391379 20172.413793 
2000.000000 0.000000 2458.681756 1731.770690 20172.413793 
2000.000000 0.000000 2450.987578 1773.150000 20172.413793 
2000.000000 0.000000 2443.293400 1814.529310 20172.413793 
2000.000000 0.000000 2435.599222 1855.908621 20172.413793 
2000.000000 0.000000 2427.905044 1897.287931 20172.413793 
2000.000000 0.000000 2420.210867 1938.667241 20172.413793 
2000.000000 0.000000 3039.692410 573.150000 21724.137931 
2000.000000 0.000000 3033.913219 614.529310 21724.137931 
2000.000000 0.000000 3025.013253 655.908621 21724.137931 
2000.000000 0.000000 3020.185327 697.287931 21724.137931 
2000.000000 0.000000 3017.223566 738.667241 21724.137931 
2000.000000 0.000000 3013.844553 780.046552 21724.137931 
2000.000000 0.000000 3042.766979 821.425862 21724.137931 
2000.000000 0.000000 3061.817626 862.805172 21724.137931 
2000.000000 0.000000 3064.991045 904.184483 21724.137931 
2000.000000 0.000000 3063.031572 945.563793 21724.137931 
2000.000000 0.000000 3058.511015 986.943103 21724.137931 
2000.000000 0.000000 2898.920918 1028.322414 21724.137931 
2000.000000 0.000000 2877.405650 1069.701724 21724.137931 
2000.000000 0.000000 2850.957778 1111.081034 21724.137931 
2000.000000 0.000000 2814.501900 1152.460345 21724.137931 
2000.000000 0.000000 2719.946423 1193.839655 21724.137931 
2000.000000 0.000000 2679.476973 1235.218966 21724.137931 
2000.000000 0.000000 2650.805180 1276.598276 21724.137931 
2000.000000 0.000000 2620.642848 1317.977586 21724.137931 
2000.000000 0.000000 2593.105087 1359.356897 21724.137931 
2000.000000 0.000000 2570.240682 1400.736207 21724.137931 
2000.000000 0.000000 2551.965575 1442.115517 21724.137931 
2000.000000 0.000000 2534.897686 1483.494828 21724.137931 
2000.000000 0.000000 2521.134198 1524.874138 21724.137931 
2000.000000 0.000000 2507.735291 1566.253448 21724.137931 
2000.000000 0.000000 2494.385831 1607.632759 21724.137931 
2000.000000 0.000000 2486.213792 1649.012069 21724.137931 
2000.000000 0.000000 2478.644713 1690.391379 21724.137931 
2000.000000 0.000000 2471.026023 1731.770690 21724.137931 
2000.000000 0.000000 2463.357356 1773.150000 21724.137931 
2000.000000 0.000000 2455.688688 1814.529310 21724.137931 
2000.000000 0.000000 2448.020021 1855.908621 21724.137931 
2000.000000 0.000000 2440.351353 1897.287931 21724.137931 
2000.000000 0.000000 2432.682686 1938.667241 21724.137931 
2000.000000 0.000000 3039.201175 573.150000 23275.862069 
2000.000000 0.000000 3045.674565 614.529310 23275.862069 
2000.000000 0.000000 3031.453637 655.908621 23275.862069 
2000.000000 0.000000 3027.361491 697.287931 23275.862069 
2000.000000 0.000000 3020.189608 738.667241 23275.862069 
2000.000000 0.000000 3020.038225 780.046552 23275.862069 
2000.000000 0.000000 3048.614200 821.425862 23275.862069 
2000.000000 0.000000 3076.585192 862.805172 23275.862069 
2000.000000 0.000000 3077.118411 904.184483 23275.862069 
2000.000000 0.000000 3072.645447 945.563793 23275.862069 
2000.000000 0.000000 3067.909753 986.943103 23275.862069 
2000.000000 0.000000 2916.440207 1028.322414 23275.862069 
2000.000000 0.000000 2897.275792 1069.701724 23275.862069 
2000.000000 0.000000 2874.405222 1111.081034 23275.862069 
2000.000000 0.000000 2845.137170 1152.460345 23275.862069 
2000.000000 0.000000 2795.429221 1193.839655 23275.862069 
2000.000000 0.000000 2724.609175 1235.218966 23275.862069 
2000.000000 0.000000 2681.303806 1276.598276 23275.862069 
2000.000000 0.000000 2649.763949 1317.977586 23275.862069 
2000.000000 0.000000 2618.691216 1359.356897 23275.862069 
2000.000000 0.000000 2589.720225 1400.736207 23275.862069 
2000.000000 0.000000 2568.625209 1442.115517 23275.862069 
2000.000000 0.000000 2551.383594 1483.494828 23275.862069 
2000.000000 0.000000 2536.267533 1524.874138 23275.862069 
2000.000000 0.000000 2523.154673 1566.253448 23275.862069 
2000.000000 0.000000 2510.150133 1607.632759 23275.862069 
2000.000000 0.000000 2498.114909 1649.012069 23275.862069 
2000.000000 0.000000 2490.569226 1690.391379 23275.862069 
2000.000000 0.000000 2482.974108 1731.770690 23275.862069 
2000.000000 0.000000 2475.329166 1773.150000 23275.862069 
2000.000000 0.000000 2467.684224 1814.529310 23275.862069 
2000.000000 0.000000 2460.039281 1855.908621 23275.862069 
2000.000000 0.000000 2452.394339 1897.287931 23275.862069 
2000.000000 0.000000 2444.749397 1938.667241 23275.862069 
2000.000000 0.000000 3063.163666 573.150000 24827.586207 
2000.000000 0.000000 3056.266567 614.529310 24827.586207 
2000.000000 0.000000 3049.049895 655.908621 24827.586207 
2000.000000 0.000000 3033.804125 697.287931 24827.586207 
2000.000000 0.000000 3028.646233 738.667241 24827.586207 
2000.000000 0.000000 3026.232586 780.046552 24827.586207 
2000.000000 0.000000 3054.814343 821.425862 24827.586207 
2000.000000 0.000000 3082.933829 862.805172 24827.586207 
2000.000000 0.000000 3086.679827 904.184483 24827.586207 
2000.000000 0.000000 3081.918367 945.563793 24827.586207 
2000.000000 0.000000 3077.016041 986.943103 24827.586207 
2000.000000 0.000000 3072.005155 1028.322414 24827.586207 
2000.000000 0.000000 2915.011217 1069.701724 24827.586207 
2000.000000 0.000000 2894.821316 1111.081034 24827.586207 
2000.000000 0.000000 2870.107309 1152.460345 24827.586207 
2000.000000 0.000000 2835.438974 1193.839655 24827.586207 
2000.000000 0.000000 2783.781836 1235.218966 24827.586207 
2000.000000 0.000000 2728.409340 1276.598276 24827.586207 
2000.000000 0.000000 2681.068992 1317.977586 24827.586207 
2000.000000 0.000000 2646.605460 1359.356897 24827.586207 
2000.000000 0.000000 2615.717332 1400.736207 24827.586207 
2000.000000 0.000000 2586.250654 1442.115517 24827.586207 
2000.000000 0.000000 2567.194965 1483.494828 24827.586207 
2000.000000 0.000000 2550.896827 1524.874138 24827.586207 
2000.000000 0.000000 2538.049816 1566.253448 24827.586207 
2000.000000 0.000000 2524.970946 1607.632759 24827.586207 
2000.000000 0.000000 2512.249345 1649.012069 24827.586207 
2000.000000 0.000000 2502.128187 1690.391379 24827.586207 
2000.000000 0.000000 2494.555077 1731.770690 24827.586207 
2000.000000 0.000000 2486.932275 1773.150000 24827.586207 
2000.000000 0.000000 2479.309473 1814.529310 24827.586207 
2000.000000 0.000000 2471.686671 1855.908621 24827.586207 
2000.000000 0.000000 2464.063869 1897.287931 24827.586207 
2000.000000 0.000000 2456.441067 1938.667241 24827.586207 
2000.000000 0.000000 3072.279166 573.150000 26379.310345 
2000.000000 0.000000 3070.175885 614.529310 26379.310345 
2000.000000 0.000000 3058.382156 655.908621 26379.310345 
2000.000000 0.000000 3040.180428 697.287931 26379.310345 
2000.000000 0.000000 3036.099266 738.667241 26379.310345 
2000.000000 0.000000 3032.412939 780.046552 26379.310345 
2000.000000 0.000000 3061.887324 821.425862 26379.310345 
2000.000000 0.000000 3088.631464 862.805172 26379.310345 
2000.000000 0.000000 3095.808452 904.184483 26379.310345 
2000.000000 0.000000 3090.846485 945.563793 26379.310345 
2000.000000 0.000000 3085.831086 986.943103 26379.310345 
2000.000000 0.000000 3080.762536 1028.322414 26379.310345 
2000.000000 0.000000 2931.028967 1069.701724 26379.310345 
2000.000000 0.000000 2912.929131 1111.081034 26379.310345 
2000.000000 0.000000 2891.426000 1152.460345 26379.310345 
2000.000000 0.000000 2863.527539 1193.839655 26379.310345 
2000.000000 0.000000 2819.629678 1235.218966 26379.310345 
2000.000000 0.000000 2774.822402 1276.598276 26379.310345 
2000.000000 0.000000 2717.326183 1317.977586 26379.310345 
2000.000000 0.000000 2676.079446 1359.356897 26379.310345 
2000.000000 0.000000 2642.445639 1400.736207 26379.310345 
2000.000000 0.000000 2612.157113 1442.115517 26379.310345 
2000.000000 0.000000 2583.817630 1483.494828 26379.310345 
2000.000000 0.000000 2565.958426 1524.874138 26379.310345 
2000.000000 0.000000 2551.522084 1566.253448 26379.310345 
2000.000000 0.000000 2539.268397 1607.632759 26379.310345 
2000.000000 0.000000 2526.559867 1649.012069 26379.310345 
2000.000000 0.000000 2514.028062 1690.391379 26379.310345 
2000.000000 0.000000 2505.794728 1731.770690 26379.310345 
2000.000000 0.000000 2498.192654 1773.150000 26379.310345 
2000.000000 0.000000 2490.590581 1814.529310 26379.310345 
2000.000000 0.000000 2482.988507 1855.908621 26379.310345 
2000.000000 0.000000 2475.386434 1897.287931 26379.310345 
2000.000000 0.000000 2467.784360 1938.667241 26379.310345 
2000.000000 0.000000 3145.256219 573.150000 27931.034483 
2000.000000 0.000000 3141.355287 614.529310 27931.034483 
2000.000000 0.000000 3132.959401 655.908621 27931.034483 
2000.000000 0.000000 3124.860618 697.287931 27931.034483 
2000.000000 0.000000 3105.864154 738.667241 27931.034483 
2000.000000 0.000000 3037.016868 780.046552 27931.034483 
2000.000000 0.000000 3069.857659 821.425862 27931.034483 
2000.000000 0.000000 3094.573353 862.805172 27931.034483 
2000.000000 0.000000 3101.669314 904.184483 27931.034483 
2000.000000 0.000000 3099.450464 945.563793 27931.034483 
2000.000000 0.000000 3094.369301 986.943103 27931.034483 
2000.000000 0.000000 3089.270644 1028.322414 27931.034483 
2000.000000 0.000000 3084.141893 1069.701724 27931.034483 
2000.000000 0.000000 2929.195811 1111.081034 27931.034483 
2000.000000 0.000000 2910.095046 1152.460345 27931.034483 
2000.000000 0.000000 2886.662175 1193.839655 27931.034483 
2000.000000 0.000000 2848.593313 1235.218966 27931.034483 
2000.000000 0.000000 2812.980458 1276.598276 27931.034483 
2000.000000 0.000000 2763.247958 1317.977586 27931.034483 
2000.000000 0.000000 2709.544018 1359.356897 27931.034483 
2000.000000 0.000000 2670.293921 1400.736207 27931.034483 
2000.000000 0.000000 2637.624291 1442.115517 27931.034483 
2000.000000 0.000000 2608.416107 1483.494828 27931.034483 
2000.000000 0.000000 2582.044749 1524.874138 27931.034483 
2000.000000 0.000000 2564.873382 1566.253448 27931.034483 
2000.000000 0.000000 2552.985411 1607.632759 27931.034483 
2000.000000 0.000000 2540.350500 1649.012069 27931.034483 
2000.000000 0.000000 2527.901286 1690.391379 27931.034483 
2000.000000 0.000000 2516.716086 1731.770690 27931.034483 
2000.000000 0.000000 2509.133493 1773.150000 27931.034483 
2000.000000 0.000000 2501.550901 1814.529310 27931.034483 
2000.000000 0.000000 2493.968309 1855.908621 27931.034483 
2000.000000 0.000000 2486.385717 1897.287931 27931.034483 
2000.000000 0.000000 2478.803124 1938.667241 27931.034483 
2000.000000 0.000000 3151.706284 573.150000 29482.758621 
2000.000000 0.000000 3147.961457 614.529310 29482.758621 
2000.000000 0.000000 3137.060137 655.908621 29482.758621 
2000.000000 0.000000 3117.782757 697.287931 29482.758621 
2000.000000 0.000000 3112.762905 738.667241 29482.758621 
2000.000000 0.000000 3109.464917 780.046552 29482.758621 
2000.000000 0.000000 3149.957559 821.425862 29482.758621 
2000.000000 0.000000 3177.461130 862.805172 29482.758621 
2000.000000 0.000000 3185.792075 904.184483 29482.758621 
2000.000000 0.000000 3189.987607 945.563793 29482.758621 
2000.000000 0.000000 3185.627859 986.943103 29482.758621 
2000.000000 0.000000 3097.628650 1028.322414 29482.758621 
2000.000000 0.000000 3092.426437 1069.701724 29482.758621 
2000.000000 0.000000 3087.280273 1111.081034 29482.758621 
2000.000000 0.000000 2926.708193 1152.460345 29482.758621 
2000.000000 0.000000 2906.531788 1193.839655 29482.758621 
2000.000000 0.000000 2874.481257 1235.218966 29482.758621 
2000.000000 0.000000 2842.719698 1276.598276 29482.758621 
2000.000000 0.000000 2805.164639 1317.977586 29482.758621 
2000.000000 0.000000 2750.455355 1359.356897 29482.758621 
2000.000000 0.000000 2701.467579 1400.736207 29482.758621 
2000.000000 0.000000 2663.919906 1442.115517 29482.758621 
2000.000000 0.000000 2632.532121 1483.494828 29482.758621 
2000.000000 0.000000 2604.787230 1524.874138 29482.758621 
2000.000000 0.000000 2580.772667 1566.253448 29482.758621 
2000.000000 0.000000 2565.322317 1607.632759 29482.758621 
2000.000000 0.000000 2553.685556 1649.012069 29482.758621 
2000.000000 0.000000 2541.260607 1690.391379 29482.758621 
2000.000000 0.000000 2528.978319 1731.770690 29482.758621 
2000.000000 0.000000 2519.775550 1773.150000 29482.758621 
2000.000000 0.000000 2510.572781 1814.529310 29482.758621 
2000.000000 0.000000 2501.370012 1855.908621 29482.758621 
2000.000000 0.000000 2492.167243 1897.287931 29482.758621 
2000.000000 0.000000 2482.964474 1938.667241 29482.758621 
2000.000000 0.000000 3158.261901 573.150000 31034.482759 
2000.000000 0.000000 3154.468226 614.529310 31034.482759 
2000.000000 0.000000 3145.476107 655.908621 31034.482759 
2000.000000 0.000000 3126.384799 697.287931 31034.482759 
2000.000000 0.000000 3121.332106 738.667241 31034.482759 
2000.000000 0.000000 3122.723705 780.046552 31034.482759 
2000.000000 0.000000 3159.158982 821.425862 31034.482759 
2000.000000 0.000000 3183.780244 862.805172 31034.482759 
2000.000000 0.000000 3188.522380 904.184483 31034.482759 
2000.000000 0.000000 3193.569471 945.563793 31034.482759 
2000.000000 0.000000 3192.248489 986.943103 31034.482759 
2000.000000 0.000000 3187.951393 1028.322414 31034.482759 
2000.000000 0.000000 3183.723281 1069.701724 31034.482759 
2000.000000 0.000000 3179.550423 1111.081034 31034.482759 
2000.000000 0.000000 3008.467521 1152.460345 31034.482759 
2000.000000 0.000000 2987.792091 1193.839655 31034.482759 
2000.000000 0.000000 2956.259438 1235.218966 31034.482759 
2000.000000 0.000000 2867.065905 1276.598276 31034.482759 
2000.000000 0.000000 2835.888370 1317.977586 31034.482759 
2000.000000 0.000000 2793.145524 1359.356897 31034.482759 
2000.000000 0.000000 2737.007740 1400.736207 31034.482759 
2000.000000 0.000000 2692.941409 1442.115517 31034.482759 
2000.000000 0.000000 2657.270131 1483.494828 31034.482759 
2000.000000 0.000000 2627.512817 1524.874138 31034.482759 
2000.000000 0.000000 2601.420690 1566.253448 31034.482759 
2000.000000 0.000000 2579.516463 1607.632759 31034.482759 
2000.000000 0.000000 2566.223457 1649.012069 31034.482759 
2000.000000 0.000000 2554.166181 1690.391379 31034.482759 
2000.000000 0.000000 2541.968881 1731.770690 31034.482759 
2000.000000 0.000000 2530.137531 1773.150000 31034.482759 
2000.000000 0.000000 2518.306181 1814.529310 31034.482759 
2000.000000 0.000000 2506.474830 1855.908621 31034.482759 
2000.000000 0.000000 2494.643480 1897.287931 31034.482759 
2000.000000 0.000000 2482.812130 1938.667241 31034.482759 
2000.000000 0.000000 3162.871226 573.150000 32586.206897 
2000.000000 0.000000 3155.974790 614.529310 32586.206897 
2000.000000 0.000000 3156.439532 655.908621 32586.206897 
2000.000000 0.000000 3147.694549 697.287931 32586.206897 
2000.000000 0.000000 3132.424353 738.667241 32586.206897 
2000.000000 0.000000 3133.997615 780.046552 32586.206897 
2000.000000 0.000000 3167.950509 821.425862 32586.206897 
2000.000000 0.000000 3188.790835 862.805172 32586.206897 
2000.000000 0.000000 3191.289976 904.184483 32586.206897 
2000.000000 0.000000 3195.765316 945.563793 32586.206897 
2000.000000 0.000000 3198.595467 986.943103 32586.206897 
2000.000000 0.000000 3194.291544 1028.322414 32586.206897 
2000.000000 0.000000 3190.061981 1069.701724 32586.206897 
2000.000000 0.000000 3185.892233 1111.081034 32586.206897 
2000.000000 0.000000 3181.770381 1152.460345 32586.206897 
2000.000000 0.000000 3004.465411 1193.839655 32586.206897 
2000.000000 0.000000 2979.316124 1235.218966 32586.206897 
2000.000000 0.000000 2942.952808 1276.598276 32586.206897 
2000.000000 0.000000 2912.870475 1317.977586 32586.206897 
2000.000000 0.000000 2874.806849 1359.356897 32586.206897 
2000.000000 0.000000 2819.060016 1400.736207 32586.206897 
2000.000000 0.000000 2726.181891 1442.115517 32586.206897 
2000.000000 0.000000 2684.208207 1483.494828 32586.206897 
2000.000000 0.000000 2650.688176 1524.874138 32586.206897 
2000.000000 0.000000 2622.784519 1566.253448 32586.206897 
2000.000000 0.000000 2598.349577 1607.632759 32586.206897 
2000.000000 0.000000 2580.821321 1649.012069 32586.206897 
2000.000000 0.000000 2567.164250 1690.391379 32586.206897 
2000.000000 0.000000 2554.509342 1731.770690 32586.206897 
2000.000000 0.000000 2542.450873 1773.150000 32586.206897 
2000.000000 0.000000 2530.392404 1814.529310 32586.206897 
2000.000000 0.000000 2518.333934 1855.908621 32586.206897 
2000.000000 0.000000 2506.275465 1897.287931 32586.206897 
2000.000000 0.000000 2494.216996 1938.667241 32586.206897 
2000.000000 0.000000 3170.740633 573.150000 34137.931034 
2000.000000 0.000000 3167.348560 614.529310 34137.931034 
2000.000000 0.000000 3162.895113 655.908621 34137.931034 
2000.000000 0.000000 3156.352817 697.287931 34137.931034 
2000.000000 0.000000 3144.501600 738.667241 34137.931034 
2000.000000 0.000000 3143.903212 780.046552 34137.931034 
2000.000000 0.000000 3140.628110 821.425862 34137.931034 
2000.000000 0.000000 3192.121023 862.805172 34137.931034 
2000.000000 0.000000 3194.150129 904.184483 34137.931034 
2000.000000 0.000000 3198.054706 945.563793 34137.931034 
2000.000000 0.000000 3204.726655 986.943103 34137.931034 
2000.000000 0.000000 3200.420484 1028.322414 34137.931034 
2000.000000 0.000000 3196.192826 1069.701724 34137.931034 
2000.000000 0.000000 3192.028781 1111.081034 34137.931034 
2000.000000 0.000000 3187.916054 1152.460345 34137.931034 
2000.000000 0.000000 3183.844404 1193.839655 34137.931034 
2000.000000 0.000000 2997.703578 1235.218966 34137.931034 
2000.000000 0.000000 2962.821203 1276.598276 34137.931034 
2000.000000 0.000000 2937.425004 1317.977586 34137.931034 
2000.000000 0.000000 2906.059881 1359.356897 34137.931034 
2000.000000 0.000000 2866.168783 1400.736207 34137.931034 
2000.000000 0.000000 2804.720901 1442.115517 34137.931034 
2000.000000 0.000000 2746.770297 1483.494828 34137.931034 
2000.000000 0.000000 2698.972942 1524.874138 34137.931034 
2000.000000 0.000000 2659.295348 1566.253448 34137.931034 
2000.000000 0.000000 2618.425967 1607.632759 34137.931034 
2000.000000 0.000000 2595.676276 1649.012069 34137.931034 
2000.000000 0.000000 2582.145451 1690.391379 34137.931034 
2000.000000 0.000000 2568.151264 1731.770690 34137.931034 
2000.000000 0.000000 2554.679808 1773.150000 34137.931034 
2000.000000 0.000000 2541.208352 1814.529310 34137.931034 
2000.000000 0.000000 2527.736896 1855.908621 34137.931034 
2000.000000 0.000000 2514.265440 1897.287931 34137.931034 
2000.000000 0.000000 2500.793984 1938.667241 34137.931034 
2000.000000 0.000000 3176.910920 573.150000 35689.655172 
2000.000000 0.000000 3173.514135 614.529310 35689.655172 
2000.000000 0.000000 3169.541649 655.908621 35689.655172 
2000.000000 0.000000 3162.837443 697.287931 35689.655172 
2000.000000 0.000000 3154.781984 738.667241 35689.655172 
2000.000000 0.000000 3152.874989 780.046552 35689.655172 
2000.000000 0.000000 3149.188853 821.425862 35689.655172 
2000.000000 0.000000 3195.540888 862.805172 35689.655172 
2000.000000 0.000000 3197.125155 904.184483 35689.655172 
2000.000000 0.000000 3200.475215 945.563793 35689.655172 
2000.000000 0.000000 3205.901957 986.943103 35689.655172 
2000.000000 0.000000 3206.377222 1028.322414 35689.655172 
2000.000000 0.000000 3202.153430 1069.701724 35689.655172 
2000.000000 0.000000 3197.996465 1111.081034 35689.655172 
2000.000000 0.000000 3193.893818 1152.460345 35689.655172 
2000.000000 0.000000 3189.835035 1193.839655 35689.655172 
2000.000000 0.000000 3013.219767 1235.218966 35689.655172 
2000.000000 0.000000 2985.587085 1276.598276 35689.655172 
2000.000000 0.000000 2957.646300 1317.977586 35689.655172 
2000.000000 0.000000 2931.177522 1359.356897 35689.655172 
2000.000000 0.000000 2898.335468 1400.736207 35689.655172 
2000.000000 0.000000 2852.452320 1442.115517 35689.655172 
2000.000000 0.000000 2790.395107 1483.494828 35689.655172 
2000.000000 0.000000 2736.160037 1524.874138 35689.655172 
2000.000000 0.000000 2691.486927 1566.253448 35689.655172 
2000.000000 0.000000 2654.518838 1607.632759 35689.655172 
2000.000000 0.000000 2620.894504 1649.012069 35689.655172 
2000.000000 0.000000 2596.312131 1690.391379 35689.655172 
2000.000000 0.000000 2583.230193 1731.770690 35689.655172 
2000.000000 0.000000 2568.908311 1773.150000 35689.655172 
2000.000000 0.000000 2554.586428 1814.529310 35689.655172 
2000.000000 0.000000 2540.264546 1855.908621 35689.655172 
2000.000000 0.000000 2525.942664 1897.287931 35689.655172 
2000.000000 0.000000 2511.620781 1938.667241 35689.655172 
2000.000000 0.000000 3182.983058 573.150000 37241.379310 
2000.000000 0.000000 3179.585294 614.529310 37241.379310 
2000.000000 0.000000 3175.638112 655.908621 37241.379310 
2000.000000 0.000000 3172.080994 697.287931 37241.379310 
2000.000000 0.000000 3164.359862 738.667241 37241.379310 
2000.000000 0.000000 3161.195295 780.046552 37241.379310 
2000.000000 0.000000 3157.397420 821.425862 37241.379310 
2000.000000 0.000000 3199.046239 862.805172 37241.379310 
2000.000000 0.000000 3200.219712 904.184483 37241.379310 
2000.000000 0.000000 3203.042644 945.563793 37241.379310 
2000.000000 0.000000 3207.846981 986.943103 37241.379310 
2000.000000 0.000000 3212.190242 1028.322414 37241.379310 
2000.000000 0.000000 3207.971457 1069.701724 37241.379310 
2000.000000 0.000000 3203.822258 1111.081034 37241.379310 
2000.000000 0.000000 3199.730066 1152.460345 37241.379310 
2000.000000 0.000000 3195.684253 1193.839655 37241.379310 
2000.000000 0.000000 3191.675851 1235.218966 37241.379310 
2000.000000 0.000000 3003.815956 1276.598276 37241.379310 
2000.000000 0.000000 2974.721541 1317.977586 37241.379310 
2000.000000 0.000000 2951.853761 1359.356897 37241.379310 
2000.000000 0.000000 2924.170962 1400.736207 37241.379310 
2000.000000 0.000000 2889.636301 1442.115517 37241.379310 
2000.000000 0.000000 2837.415122 1483.494828 37241.379310 
2000.000000 0.000000 2777.339585 1524.874138 37241.379310 
2000.000000 0.000000 2725.710760 1566.253448 37241.379310 
2000.000000 0.000000 2684.433076 1607.632759 37241.379310 
2000.000000 0.000000 2650.028507 1649.012069 37241.379310 
2000.000000 0.000000 2618.202442 1690.391379 37241.379310 
2000.000000 0.000000 2597.057132 1731.770690 37241.379310 
2000.000000 0.000000 2583.441346 1773.150000 37241.379310 
2000.000000 0.000000 2569.825561 1814.529310 37241.379310 
2000.000000 0.000000 2556.209775 1855.908621 37241.379310 
2000.000000 0.000000 2542.593990 1897.287931 37241.379310 
2000.000000 0.000000 2528.978205 1938.667241 37241.379310 
2000.000000 0.000000 3188.926077 573.150000 38793.103448 
2000.000000 0.000000 3185.746138 614.529310 38793.103448 
2000.000000 0.000000 3182.195189 655.908621 38793.103448 
2000.000000 0.000000 3175.132139 697.287931 38793.103448 
2000.000000 0.000000 3172.066902 738.667241 38793.103448 
2000.000000 0.000000 3169.049368 780.046552 38793.103448 
2000.000000 0.000000 3165.125633 821.425862 38793.103448 
2000.000000 0.000000 3202.628749 862.805172 38793.103448 
2000.000000 0.000000 3203.429014 904.184483 38793.103448 
2000.000000 0.000000 3205.759645 945.563793 38793.103448 
2000.000000 0.000000 3209.968037 986.943103 38793.103448 
2000.000000 0.000000 3217.880840 1028.322414 38793.103448 
2000.000000 0.000000 3213.667702 1069.701724 38793.103448 
2000.000000 0.000000 3209.526569 1111.081034 38793.103448 
2000.000000 0.000000 3205.444871 1152.460345 38793.103448 
2000.000000 0.000000 3201.411870 1193.839655 38793.103448 
2000.000000 0.000000 3197.418462 1235.218966 38793.103448 
2000.000000 0.000000 3133.796768 1276.598276 38793.103448 
2000.000000 0.000000 2989.486083 1317.977586 38793.103448 
2000.000000 0.000000 2969.299279 1359.356897 38793.103448 
2000.000000 0.000000 2945.412099 1400.736207 38793.103448 
2000.000000 0.000000 2916.357426 1442.115517 38793.103448 
2000.000000 0.000000 2879.896128 1483.494828 38793.103448 
2000.000000 0.000000 2821.191822 1524.874138 38793.103448 
2000.000000 0.000000 2764.083895 1566.253448 38793.103448 
2000.000000 0.000000 2715.803542 1607.632759 38793.103448 
2000.000000 0.000000 2677.928381 1649.012069 38793.103448 
2000.000000 0.000000 2645.797785 1690.391379 38793.103448 
2000.000000 0.000000 2615.475299 1731.770690 38793.103448 
2000.000000 0.000000 2597.858382 1773.150000 38793.103448 
2000.000000 0.000000 2580.241464 1814.529310 38793.103448 
2000.000000 0.000000 2562.624547 1855.908621 38793.103448 
2000.000000 0.000000 2545.007629 1897.287931 38793.103448 
2000.000000 0.000000 2527.390711 1938.667241 38793.103448 
2000.000000 0.000000 3194.764729 573.150000 40344.827586 
2000.000000 0.000000 3191.918879 614.529310 40344.827586 
2000.000000 0.000000 3188.318901 655.908621 40344.827586 
2000.000000 0.000000 3184.811226 697.287931 40344.827586 
2000.000000 0.000000 3181.049942 738.667241 40344.827586 
2000.000000 0.000000 3176.565629 780.046552 40344.827586 
2000.000000 0.000000 3171.164079 821.425862 40344.827586 
2000.000000 0.000000 3206.278725 862.805172 40344.827586 
2000.000000 0.000000 3206.743540 904.184483 40344.827586 
2000.000000 0.000000 3208.620827 945.563793 40344.827586 
2000.000000 0.000000 3212.265672 986.943103 40344.827586 
2000.000000 0.000000 3218.552220 1028.322414 40344.827586 
2000.000000 0.000000 3219.258120 1069.701724 40344.827586 
2000.000000 0.000000 3215.125102 1111.081034 40344.827586 
2000.000000 0.000000 3211.053754 1152.460345 40344.827586 
2000.000000 0.000000 3207.033275 1193.839655 40344.827586 
2000.000000 0.000000 3203.054421 1235.218966 40344.827586 
2000.000000 0.000000 3199.109329 1276.598276 40344.827586 
2000.000000 0.000000 3007.082405 1317.977586 40344.827586 
2000.000000 0.000000 2984.367897 1359.356897 40344.827586 
2000.000000 0.000000 2963.306932 1400.736207 40344.827586 
2000.000000 0.000000 2938.283303 1442.115517 40344.827586 
2000.000000 0.000000 2907.685532 1483.494828 40344.827586 
2000.000000 0.000000 2865.210808 1524.874138 40344.827586 
2000.000000 0.000000 2805.716933 1566.253448 40344.827586 
2000.000000 0.000000 2751.087987 1607.632759 40344.827586 
2000.000000 0.000000 2706.681575 1649.012069 40344.827586 
2000.000000 0.000000 2671.964597 1690.391379 40344.827586 
2000.000000 0.000000 2641.754836 1731.770690 40344.827586 
2000.000000 0.000000 2612.657708 1773.150000 40344.827586 
2000.000000 0.000000 2583.560580 1814.529310 40344.827586 
2000.000000 0.000000 2554.463453 1855.908621 40344.827586 
2000.000000 0.000000 2525.366325 1897.287931 40344.827586 
2000.000000 0.000000 2496.269197 1938.667241 40344.827586 
2000.000000 0.000000 3200.552765 573.150000 41896.551724 
2000.000000 0.000000 3197.764618 614.529310 41896.551724 
2000.000000 0.000000 3191.894430 655.908621 41896.551724 
2000.000000 0.000000 3189.428318 697.287931 41896.551724 
2000.000000 0.000000 3189.738180 738.667241 41896.551724 
2000.000000 0.000000 3183.693759 780.046552 41896.551724 
2000.000000 0.000000 3176.982299 821.425862 41896.551724 
2000.000000 0.000000 3169.491623 862.805172 41896.551724 
2000.000000 0.000000 3210.151847 904.184483 41896.551724 
2000.000000 0.000000 3211.616154 945.563793 41896.551724 
2000.000000 0.000000 3214.734218 986.943103 41896.551724 
2000.000000 0.000000 3219.788232 1028.322414 41896.551724 
2000.000000 0.000000 3224.755156 1069.701724 41896.551724 
2000.000000 0.000000 3220.630174 1111.081034 41896.551724 
2000.000000 0.000000 3216.568927 1152.460345 41896.551724 
2000.000000 0.000000 3212.560594 1193.839655 41896.551724 
2000.000000 0.000000 3208.595831 1235.218966 41896.551724 
2000.000000 0.000000 3204.666641 1276.598276 41896.551724 
2000.000000 0.000000 3200.766173 1317.977586 41896.551724 
2000.000000 0.000000 2997.662206 1359.356897 41896.551724 
2000.000000 0.000000 2978.737387 1400.736207 41896.551724 
2000.000000 0.000000 2956.714099 1442.115517 41896.551724 
2000.000000 0.000000 2930.427993 1483.494828 41896.551724 
2000.000000 0.000000 2898.106767 1524.874138 41896.551724 
2000.000000 0.000000 2848.743460 1566.253448 41896.551724 
2000.000000 0.000000 2790.585522 1607.632759 41896.551724 
2000.000000 0.000000 2738.780537 1649.012069 41896.551724 
2000.000000 0.000000 2698.424408 1690.391379 41896.551724 
2000.000000 0.000000 2666.457991 1731.770690 41896.551724 
2000.000000 0.000000 2637.815737 1773.150000 41896.551724 
2000.000000 0.000000 2609.173483 1814.529310 41896.551724 
2000.000000 0.000000 2580.531228 1855.908621 41896.551724 
2000.000000 0.000000 2551.888974 1897.287931 41896.551724 
2000.000000 0.000000 2523.246720 1938.667241 41896.551724 
2000.000000 0.000000 3209.994847 573.150000 43448.275862 
2000.000000 0.000000 3206.799248 614.529310 43448.275862 
2000.000000 0.000000 3198.795562 655.908621 43448.275862 
2000.000000 0.000000 3196.927772 697.287931 43448.275862 
2000.000000 0.000000 3193.737484 738.667241 43448.275862 
2000.000000 0.000000 3189.016246 780.046552 43448.275862 
2000.000000 0.000000 3182.611606 821.425862 43448.275862 
2000.000000 0.000000 3175.502719 862.805172 43448.275862 
2000.000000 0.000000 3213.642088 904.184483 43448.275862 
2000.000000 0.000000 3214.733205 945.563793 43448.275862 
2000.000000 0.000000 3217.363864 986.943103 43448.275862 
2000.000000 0.000000 3221.839415 1028.322414 43448.275862 
2000.000000 0.000000 3230.168690 1069.701724 43448.275862 
2000.000000 0.000000 3226.051575 1111.081034 43448.275862 
2000.000000 0.000000 3222.000124 1152.460345 43448.275862 
2000.000000 0.000000 3218.003538 1193.839655 43448.275862 
2000.000000 0.000000 3214.052388 1235.218966 43448.275862 
2000.000000 0.000000 3210.138549 1276.598276 43448.275862 
2000.000000 0.000000 3206.255051 1317.977586 43448.275862 
2000.000000 0.000000 3009.611550 1359.356897 43448.275862 
2000.000000 0.000000 2992.326865 1400.736207 43448.275862 
2000.000000 0.000000 2972.569894 1442.115517 43448.275862 
2000.000000 0.000000 2949.489734 1483.494828 43448.275862 
2000.000000 0.000000 2921.811026 1524.874138 43448.275862 
2000.000000 0.000000 2887.578839 1566.253448 43448.275862 
2000.000000 0.000000 2831.639088 1607.632759 43448.275862 
2000.000000 0.000000 2775.570285 1649.012069 43448.275862 
2000.000000 0.000000 2727.462330 1690.391379 43448.275862 
2000.000000 0.000000 2690.981375 1731.770690 43448.275862 
2000.000000 0.000000 2661.294376 1773.150000 43448.275862 
2000.000000 0.000000 2631.607377 1814.529310 43448.275862 
2000.000000 0.000000 2601.920378 1855.908621 43448.275862 
2000.000000 0.000000 2572.233379 1897.287931 43448.275862 
2000.000000 0.000000 2542.546380 1938.667241 43448.275862 
2000.000000 0.000000 3214.932094 573.150000 45000.000000 
2000.000000 0.000000 3211.808355 614.529310 45000.000000 
2000.000000 0.000000 3205.383690 655.908621 45000.000000 
2000.000000 0.000000 3204.899771 697.287931 45000.000000 
2000.000000 0.000000 3199.793822 738.667241 45000.000000 
2000.000000 0.000000 3194.211173 780.046552 45000.000000 
2000.000000 0.000000 3188.077665 821.425862 45000.000000 
2000.000000 0.000000 3181.305380 862.805172 45000.000000 
2000.000000 0.000000 3217.202921 904.184483 45000.000000 
2000.000000 0.000000 3217.958708 945.563793 45000.000000 
2000.000000 0.000000 3220.142286 986.943103 45000.000000 
2000.000000 0.000000 3224.071963 1028.322414 45000.000000 
2000.000000 0.000000 3232.230034 1069.701724 45000.000000 
2000.000000 0.000000 3231.397221 1111.081034 45000.000000 
2000.000000 0.000000 3227.355231 1152.460345 45000.000000 
2000.000000 0.000000 3223.369979 1193.839655 45000.000000 
2000.000000 0.000000 3219.431967 1235.218966 45000.000000 
2000.000000 0.000000 3215.532953 1276.598276 45000.000000 
2000.000000 0.000000 3211.665845 1317.977586 45000.000000 
2000.000000 0.000000 3207.824534 1359.356897 45000.000000 
2000.000000 0.000000 3007.918034 1400.736207 45000.000000 
2000.000000 0.000000 2986.502166 1442.115517 45000.000000 
2000.000000 0.000000 2965.840665 1483.494828 45000.000000 
2000.000000 0.000000 2941.608324 1524.874138 45000.000000 
2000.000000 0.000000 2912.405137 1566.253448 45000.000000 
2000.000000 0.000000 2872.658027 1607.632759 45000.000000 
2000.000000 0.000000 2815.379374 1649.012069 45000.000000 
2000.000000 0.000000 2761.114815 1690.391379 45000.000000 
2000.000000 0.000000 2717.267025 1731.770690 45000.000000 
2000.000000 0.000000 2684.224140 1773.150000 45000.000000 
2000.000000 0.000000 2651.181255 1814.529310 45000.000000 
2000.000000 0.000000 2618.138370 1855.908621 45000.000000 
2000.000000 0.000000 2585.095484 1897.287931 45000.000000 
2000.000000 0.000000 2552.052599 1938.667241 45000.000000 
